Set_id	Time	Line 0	Line 1	Line 2	Sum
0	0.000000	4.887808	0.920000	1.402240	7.210048
0	0.100413	4.927872	0.920000	1.400000	7.247872
0	0.200826	4.920000	0.920000	1.400000	7.240000
0	0.301239	4.920000	0.958464	1.400000	7.278464
0	0.401652	4.960000	0.958464	1.400000	7.318464
0	0.502065	4.960000	0.958464	1.397760	7.316224
0	0.602478	4.960000	0.958464	1.397760	7.316224
0	0.702891	4.960000	0.958464	1.397760	7.316224
0	0.803304	4.960000	0.958464	1.397760	7.316224
0	0.903716	4.960000	0.958464	1.397760	7.316224
0	1.004129	4.960000	0.958464	1.397760	7.316224
0	1.104542	4.960000	0.958464	1.397760	7.316224
0	1.204955	4.960000	0.958464	1.400000	7.318464
0	1.305368	4.920000	0.958464	1.400000	7.278464
0	1.405781	4.920000	0.958464	1.400000	7.278464
0	1.506194	4.920000	0.960000	1.400000	7.280000
0	1.606607	4.927872	0.960000	1.360000	7.247872
0	1.707020	4.927872	0.960000	1.360000	7.247872
0	1.807433	4.927872	0.960000	1.360000	7.247872
0	1.907846	4.887808	0.960000	1.360000	7.207808
0	2.008259	4.887808	0.960000	1.362176	7.209984
0	2.108672	4.887808	0.960000	1.362176	7.209984
0	2.209085	4.887808	0.960000	1.362176	7.209984
0	2.309498	4.887808	0.960000	1.362176	7.209984
0	2.409911	4.887808	0.960000	1.362176	7.209984
0	2.510324	4.887808	0.960000	1.362176	7.209984
0	2.610737	4.927872	0.960000	1.360000	7.247872
0	2.711149	4.887808	0.960000	1.360000	7.207808
0	2.811562	4.887808	0.960000	1.360000	7.207808
0	2.911975	4.887808	0.960000	1.362176	7.209984
0	3.012388	4.887808	0.960000	1.360000	7.207808
0	3.112801	4.887808	0.960000	1.360000	7.207808
0	3.213214	4.887808	0.960000	1.360000	7.207808
0	3.313627	4.887808	0.960000	1.362176	7.209984
0	3.414040	4.887808	0.960000	1.362176	7.209984
0	3.514453	4.887808	0.960000	1.362176	7.209984
0	3.614866	4.887808	0.960000	1.362176	7.209984
0	3.715279	4.887808	0.960000	1.362176	7.209984
0	3.815692	4.927872	0.960000	1.360000	7.247872
0	3.916105	4.927872	0.960000	1.360000	7.247872
0	4.016518	4.927872	0.960000	1.360000	7.247872
0	4.116931	4.887808	0.960000	1.362176	7.209984
0	4.217344	4.887808	0.960000	1.362176	7.209984
0	4.317757	4.887808	0.960000	1.362176	7.209984
0	4.418170	4.887808	0.960000	1.360000	7.207808
0	4.518582	4.887808	0.960000	1.362176	7.209984
0	4.618995	4.887808	0.960000	1.362176	7.209984
0	4.719408	4.887808	0.960000	1.362176	7.209984
0	4.819821	4.887808	0.960000	1.362176	7.209984
0	4.920234	4.887808	0.960000	1.362176	7.209984
0	5.020647	4.887808	0.960000	1.362176	7.209984
0	5.121060	4.927872	0.960000	1.360000	7.247872
0	5.221473	4.927872	0.960000	1.360000	7.247872
0	5.321886	4.927872	0.960000	1.360000	7.247872
0	5.422299	4.887808	0.960000	1.362176	7.209984
0	5.522712	4.887808	0.960000	1.362176	7.209984
0	5.623125	4.887808	0.960000	1.362176	7.209984
0	5.723538	4.887808	0.960000	1.362176	7.209984
0	5.823951	4.887808	0.960000	1.362176	7.209984
0	5.924364	4.887808	0.960000	1.362176	7.209984
0	6.024777	4.847744	0.960000	1.362176	7.169920
0	6.125190	4.887808	0.960000	1.402240	7.250048
0	6.225603	4.887808	0.960000	1.402240	7.250048
0	6.326015	4.887808	0.960000	1.400000	7.247808
0	6.426428	4.927872	0.960000	1.400000	7.287872
0	6.526841	4.887808	0.960000	1.400000	7.247808
0	6.627254	4.887808	0.960000	1.402240	7.250048
0	6.727667	4.887808	0.960000	1.402240	7.250048
0	6.828080	4.887808	0.960000	1.402240	7.250048
0	6.928493	4.887808	0.960000	1.402240	7.250048
0	7.028906	4.887808	0.960000	1.402240	7.250048
0	7.129319	4.887808	0.960000	1.402240	7.250048
0	7.229732	4.887808	0.960000	1.402240	7.250048
0	7.330145	4.887808	0.960000	1.402240	7.250048
0	7.430558	4.887808	0.960000	1.402240	7.250048
0	7.530971	4.887808	0.960000	1.402240	7.250048
0	7.631384	4.887808	0.960000	1.400000	7.247808
0	7.731797	4.887808	0.960000	1.362176	7.209984
0	7.832210	4.887808	0.960000	1.362176	7.209984
0	7.932623	4.847744	0.960000	1.362176	7.169920
0	8.033035	4.847744	0.960000	1.362176	7.169920
0	8.133448	4.847744	0.960000	1.362176	7.169920
0	8.233861	4.847744	0.960000	1.362176	7.169920
0	8.334274	4.847744	0.960000	1.362176	7.169920
0	8.434687	4.847744	0.960000	1.362176	7.169920
0	8.535100	4.847744	0.961536	1.362176	7.171456
0	8.635513	4.847744	0.921472	1.362176	7.131392
0	8.735926	4.847744	0.921472	1.362176	7.131392
0	8.836339	4.847744	0.960000	1.362176	7.169920
0	8.936752	4.847744	0.960000	1.362176	7.169920
0	9.037165	4.847744	0.960000	1.362176	7.169920
0	9.137578	4.847744	0.960000	1.362176	7.169920
0	9.237991	4.847744	0.960000	1.362176	7.169920
0	9.338404	4.847744	0.960000	1.362176	7.169920
0	9.438817	4.847744	0.960000	1.362176	7.169920
0	9.539230	4.847744	0.961536	1.362176	7.171456
0	9.639643	4.847744	0.961536	1.362176	7.171456
0	9.740056	4.847744	0.961536	1.362176	7.171456
0	9.840468	4.847744	0.961536	1.362176	7.171456
0	9.940881	4.847744	0.961536	1.362176	7.171456
0	10.041294	4.847744	0.960000	1.362176	7.169920
0	10.141707	4.847744	0.960000	1.362176	7.169920
0	10.242120	4.847744	0.960000	1.362176	7.169920
0	10.342533	4.847744	0.960000	1.362176	7.169920
0	10.442946	4.847744	0.960000	1.362176	7.169920
0	10.543359	4.847744	0.960000	1.362176	7.169920
0	10.643772	4.847744	0.960000	1.362176	7.169920
0	10.744185	4.847744	0.961536	1.362176	7.171456
0	10.844598	4.847744	0.961536	1.362176	7.171456
0	10.945011	4.847744	0.961536	1.362176	7.171456
0	11.045424	4.847744	0.960000	1.362176	7.169920
0	11.145837	4.847744	0.960000	1.362176	7.169920
0	11.246250	4.847744	0.961536	1.362176	7.171456
0	11.346663	4.887808	0.960000	1.362176	7.209984
0	11.447076	4.847744	0.960000	1.362176	7.169920
0	11.547489	4.847744	0.960000	1.362176	7.169920
0	11.647901	4.847744	0.960000	1.362176	7.169920
0	11.748314	4.847744	0.960000	1.362176	7.169920
0	11.848727	4.847744	0.960000	1.362176	7.169920
0	11.949140	4.847744	0.960000	1.362176	7.169920
0	12.049553	4.847744	0.961536	1.362176	7.171456
0	12.149966	4.847744	0.960000	1.362176	7.169920
0	12.250379	4.847744	0.961536	1.362176	7.171456
0	12.350792	4.847744	0.960000	1.362176	7.169920
0	12.451205	4.847744	0.961536	1.362176	7.171456
