Set_id	Time	Line 0	Line 1	Line 2	Sum
0	0.000000	4.487168	0.641024	1.362176	6.490368
0	0.101072	4.487168	0.641024	1.362176	6.490368
0	0.202144	4.487168	0.641024	1.362176	6.490368
0	0.303216	4.487168	0.641024	1.362176	6.490368
0	0.404288	4.447104	0.641024	1.362176	6.450304
0	0.505360	4.447104	0.641024	1.362176	6.450304
0	0.606432	4.447104	0.641024	1.362176	6.450304
0	0.707504	4.447104	0.641024	1.362176	6.450304
0	0.808576	4.447104	0.641024	1.362176	6.450304
0	0.909648	4.447104	0.641024	1.362176	6.450304
0	1.010720	4.447104	0.641024	1.362176	6.450304
0	1.111792	4.447104	0.641024	1.362176	6.450304
0	1.212864	4.447104	0.641024	1.362176	6.450304
0	1.313936	4.447104	0.641024	1.362176	6.450304
0	1.415008	4.447104	0.641024	1.362176	6.450304
0	1.516080	4.447104	0.641024	1.362176	6.450304
0	1.617152	4.447104	0.641024	1.362176	6.450304
0	1.718224	4.447104	0.641024	1.362176	6.450304
0	1.819296	4.447104	0.641024	1.362176	6.450304
0	1.920368	4.447104	0.641024	1.362176	6.450304
0	2.021440	4.447104	0.641024	1.362176	6.450304
0	2.122513	4.447104	0.641024	1.362176	6.450304
0	2.223585	4.447104	0.641024	1.362176	6.450304
0	2.324657	4.447104	0.641024	1.362176	6.450304
0	2.425729	4.447104	0.641024	1.362176	6.450304
0	2.526801	4.447104	0.641024	1.362176	6.450304
0	2.627873	4.447104	0.641024	1.362176	6.450304
0	2.728945	4.447104	0.641024	1.362176	6.450304
0	2.830017	4.447104	0.641024	1.362176	6.450304
0	2.931089	4.447104	0.641024	1.362176	6.450304
0	3.032161	4.487168	0.641024	1.362176	6.490368
0	3.133233	4.487168	0.641024	1.362176	6.490368
0	3.234305	4.487168	0.641024	1.362176	6.490368
0	3.335377	4.487168	0.641024	1.362176	6.490368
0	3.436449	4.487168	0.641024	1.362176	6.490368
0	3.537521	4.487168	0.641024	1.362176	6.490368
0	3.638593	4.487168	0.641024	1.362176	6.490368
0	3.739665	4.487168	0.641024	1.362176	6.490368
0	3.840737	4.527232	0.641024	1.362176	6.530432
0	3.941809	4.527232	0.641024	1.362176	6.530432
0	4.042881	4.527232	0.641024	1.362176	6.530432
0	4.143953	4.527232	0.641024	1.362176	6.530432
0	4.245025	4.527232	0.641024	1.362176	6.530432
0	4.346097	4.527232	0.641024	1.362176	6.530432
0	4.447169	4.527232	0.641024	1.362176	6.530432
0	4.548241	4.527232	0.641024	1.362176	6.530432
0	4.649313	4.527232	0.641024	1.362176	6.530432
0	4.750385	4.527232	0.641024	1.362176	6.530432
0	4.851457	4.527232	0.641024	1.362176	6.530432
0	4.952529	4.487168	0.641024	1.362176	6.490368
0	5.053601	4.487168	0.641024	1.362176	6.490368
0	5.154673	4.487168	0.641024	1.362176	6.490368
0	5.255745	4.487168	0.641024	1.362176	6.490368
0	5.356817	4.487168	0.641024	1.362176	6.490368
0	5.457889	4.487168	0.641024	1.362176	6.490368
0	5.558961	4.487168	0.641024	1.362176	6.490368
0	5.660033	4.487168	0.641024	1.362176	6.490368
0	5.761105	4.487168	0.641024	1.362176	6.490368
0	5.862177	4.447104	0.641024	1.362176	6.450304
0	5.963249	4.447104	0.641024	1.362176	6.450304
0	6.064321	4.447104	0.641024	1.362176	6.450304
0	6.165394	4.447104	0.641024	1.362176	6.450304
0	6.266466	4.447104	0.641024	1.362176	6.450304
0	6.367538	4.447104	0.641024	1.362176	6.450304
0	6.468610	4.447104	0.641024	1.362176	6.450304
0	6.569682	4.447104	0.641024	1.362176	6.450304
0	6.670754	4.447104	0.641024	1.362176	6.450304
0	6.771826	4.447104	0.641024	1.362176	6.450304
0	6.872898	4.447104	0.641024	1.362176	6.450304
0	6.973970	4.447104	0.641024	1.362176	6.450304
0	7.075042	4.447104	0.641024	1.362176	6.450304
0	7.176114	4.447104	0.641024	1.362176	6.450304
0	7.277186	4.447104	0.641024	1.362176	6.450304
0	7.378258	4.447104	0.641024	1.362176	6.450304
0	7.479330	4.447104	0.641024	1.362176	6.450304
0	7.580402	4.447104	0.641024	1.362176	6.450304
0	7.681474	4.447104	0.641024	1.362176	6.450304
0	7.782546	4.447104	0.641024	1.362176	6.450304
0	7.883618	4.447104	0.641024	1.362176	6.450304
0	7.984690	4.447104	0.641024	1.362176	6.450304
0	8.085762	4.487168	0.641024	1.362176	6.490368
0	8.186834	4.487168	0.641024	1.362176	6.490368
0	8.287906	4.487168	0.641024	1.362176	6.490368
0	8.388978	4.447104	0.641024	1.362176	6.450304
0	8.490050	4.447104	0.641024	1.362176	6.450304
0	8.591122	4.447104	0.641024	1.362176	6.450304
0	8.692194	4.447104	0.641024	1.362176	6.450304
0	8.793266	4.447104	0.641024	1.362176	6.450304
0	8.894338	4.447104	0.641024	1.362176	6.450304
0	8.995410	4.447104	0.641024	1.362176	6.450304
0	9.096482	4.447104	0.641024	1.362176	6.450304
0	9.197554	4.447104	0.641024	1.362176	6.450304
0	9.298626	4.447104	0.641024	1.362176	6.450304
0	9.399698	4.447104	0.641024	1.362176	6.450304
0	9.500770	4.447104	0.641024	1.362176	6.450304
0	9.601842	4.447104	0.641024	1.362176	6.450304
0	9.702914	4.447104	0.641024	1.362176	6.450304
0	9.803986	4.447104	0.641024	1.362176	6.450304
0	9.905058	4.447104	0.641024	1.362176	6.450304
0	10.006130	4.487168	0.641024	1.362176	6.490368
0	10.107202	4.487168	0.641024	1.362176	6.490368
0	10.208274	4.487168	0.641024	1.362176	6.490368
0	10.309347	4.487168	0.641024	1.362176	6.490368
0	10.410419	4.487168	0.641024	1.362176	6.490368
0	10.511491	4.487168	0.641024	1.362176	6.490368
0	10.612563	4.487168	0.641024	1.362176	6.490368
0	10.713635	4.487168	0.641024	1.362176	6.490368
0	10.814707	4.487168	0.641024	1.362176	6.490368
0	10.915779	4.487168	0.641024	1.362176	6.490368
0	11.016851	4.527232	0.641024	1.362176	6.530432
0	11.117923	4.527232	0.641024	1.362176	6.530432
0	11.218995	4.527232	0.641024	1.362176	6.530432
0	11.320067	4.487168	0.641024	1.362176	6.490368
0	11.421139	4.487168	0.641024	1.362176	6.490368
0	11.522211	4.487168	0.641024	1.362176	6.490368
0	11.623283	4.487168	0.641024	1.362176	6.490368
0	11.724355	4.487168	0.641024	1.362176	6.490368
0	11.825427	4.447104	0.641024	1.362176	6.450304
0	11.926499	4.447104	0.641024	1.362176	6.450304
0	12.027571	4.447104	0.641024	1.362176	6.450304
0	12.128643	4.447104	0.641024	1.362176	6.450304
0	12.229715	4.447104	0.641024	1.362176	6.450304
0	12.330787	4.447104	0.641024	1.362176	6.450304
0	12.431859	4.447104	0.641024	1.362176	6.450304
0	12.532931	4.447104	0.641024	1.362176	6.450304
0	12.634003	4.447104	0.641024	1.362176	6.450304
0	12.735075	4.447104	0.641024	1.362176	6.450304
0	12.836147	4.447104	0.641024	1.362176	6.450304
0	12.937219	4.447104	0.641024	1.362176	6.450304
0	13.038291	4.447104	0.641024	1.362176	6.450304
0	13.139363	4.447104	0.641024	1.362176	6.450304
0	13.240435	4.447104	0.641024	1.362176	6.450304
0	13.341507	4.447104	0.641024	1.362176	6.450304
0	13.442579	4.447104	0.641024	1.362176	6.450304
0	13.543651	4.447104	0.641024	1.362176	6.450304
0	13.644723	4.447104	0.641024	1.362176	6.450304
0	13.745795	4.447104	0.641024	1.362176	6.450304
0	13.846867	4.447104	0.641024	1.362176	6.450304
0	13.947939	4.447104	0.641024	1.362176	6.450304
0	14.049011	4.447104	0.641024	1.362176	6.450304
0	14.150083	4.447104	0.641024	1.362176	6.450304
0	14.251155	4.447104	0.641024	1.362176	6.450304
0	14.352228	4.447104	0.641024	1.362176	6.450304
0	14.453300	4.447104	0.641024	1.362176	6.450304
0	14.554372	4.447104	0.641024	1.362176	6.450304
0	14.655444	4.447104	0.641024	1.362176	6.450304
0	14.756516	4.447104	0.641024	1.362176	6.450304
0	14.857588	4.447104	0.641024	1.362176	6.450304
0	14.958660	4.447104	0.641024	1.362176	6.450304
0	15.059732	4.447104	0.641024	1.362176	6.450304
0	15.160804	4.447104	0.641024	1.362176	6.450304
0	15.261876	4.447104	0.641024	1.362176	6.450304
0	15.362948	4.447104	0.641024	1.362176	6.450304
0	15.464020	4.447104	0.641024	1.362176	6.450304
0	15.565092	4.447104	0.641024	1.362176	6.450304
0	15.666164	4.447104	0.641024	1.362176	6.450304
0	15.767236	4.447104	0.641024	1.362176	6.450304
0	15.868308	4.447104	0.641024	1.362176	6.450304
0	15.969380	4.447104	0.641024	1.362176	6.450304
0	16.070452	4.447104	0.641024	1.362176	6.450304
0	16.171524	4.447104	0.641024	1.362176	6.450304
0	16.272596	4.447104	0.641024	1.362176	6.450304
0	16.373668	4.447104	0.641024	1.362176	6.450304
0	16.474740	4.487168	0.641024	1.362176	6.490368
