Set_id	Time	Line 0	Line 1	Line 2	Sum
0	0.000000	4.527232	0.681088	1.362176	6.570496
0	0.101079	4.567296	0.681088	1.362176	6.610560
0	0.202157	4.527232	0.681088	1.362176	6.570496
0	0.303236	4.527232	0.681088	1.362176	6.570496
0	0.404314	4.527232	0.681088	1.362176	6.570496
0	0.505393	4.527232	0.681088	1.362176	6.570496
0	0.606472	4.527232	0.681088	1.362176	6.570496
0	0.707550	4.527232	0.681088	1.362176	6.570496
0	0.808629	4.527232	0.681088	1.362176	6.570496
0	0.909707	4.527232	0.681088	1.362176	6.570496
0	1.010786	4.527232	0.681088	1.362176	6.570496
0	1.111865	4.527232	0.681088	1.362176	6.570496
0	1.212943	4.527232	0.681088	1.362176	6.570496
0	1.314022	4.527232	0.681088	1.362176	6.570496
0	1.415100	4.527232	0.681088	1.362176	6.570496
0	1.516179	4.527232	0.681088	1.362176	6.570496
0	1.617258	4.527232	0.681088	1.362176	6.570496
0	1.718336	4.527232	0.681088	1.362176	6.570496
0	1.819415	4.527232	0.681088	1.362176	6.570496
0	1.920493	4.527232	0.681088	1.362176	6.570496
0	2.021572	4.527232	0.681088	1.362176	6.570496
0	2.122651	4.527232	0.681088	1.362176	6.570496
0	2.223729	4.527232	0.681088	1.362176	6.570496
0	2.324808	4.527232	0.681088	1.362176	6.570496
0	2.425886	4.527232	0.681088	1.362176	6.570496
0	2.526965	4.527232	0.681088	1.362176	6.570496
0	2.628044	4.527232	0.681088	1.362176	6.570496
0	2.729122	4.567296	0.681088	1.362176	6.610560
0	2.830201	4.567296	0.681088	1.362176	6.610560
0	2.931279	4.567296	0.681088	1.362176	6.610560
0	3.032358	4.567296	0.681088	1.362176	6.610560
0	3.133437	4.567296	0.681088	1.362176	6.610560
0	3.234515	4.567296	0.681088	1.362176	6.610560
0	3.335594	4.567296	0.681088	1.362176	6.610560
0	3.436673	4.567296	0.681088	1.362176	6.610560
0	3.537751	4.567296	0.681088	1.362176	6.610560
0	3.638830	4.567296	0.681088	1.362176	6.610560
0	3.739908	4.567296	0.681088	1.362176	6.610560
0	3.840987	4.567296	0.681088	1.362176	6.610560
0	3.942066	4.567296	0.681088	1.362176	6.610560
0	4.043144	4.567296	0.681088	1.362176	6.610560
0	4.144223	4.527232	0.681088	1.362176	6.570496
0	4.245301	4.527232	0.681088	1.362176	6.570496
0	4.346380	4.527232	0.681088	1.362176	6.570496
0	4.447459	4.527232	0.681088	1.362176	6.570496
0	4.548537	4.527232	0.681088	1.362176	6.570496
0	4.649616	4.527232	0.681088	1.362176	6.570496
0	4.750694	4.527232	0.681088	1.362176	6.570496
0	4.851773	4.527232	0.681088	1.362176	6.570496
0	4.952852	4.527232	0.681088	1.362176	6.570496
0	5.053930	4.527232	0.681088	1.362176	6.570496
0	5.155009	4.527232	0.681088	1.362176	6.570496
0	5.256087	4.527232	0.681088	1.362176	6.570496
0	5.357166	4.527232	0.681088	1.362176	6.570496
0	5.458245	4.527232	0.681088	1.362176	6.570496
0	5.559323	4.527232	0.681088	1.362176	6.570496
0	5.660402	4.527232	0.681088	1.362176	6.570496
0	5.761480	4.527232	0.681088	1.362176	6.570496
0	5.862559	4.487168	0.681088	1.362176	6.530432
0	5.963638	4.487168	0.681088	1.362176	6.530432
0	6.064716	4.487168	0.681088	1.362176	6.530432
0	6.165795	4.487168	0.681088	1.362176	6.530432
0	6.266873	4.487168	0.681088	1.362176	6.530432
0	6.367952	4.487168	0.681088	1.362176	6.530432
0	6.469031	4.487168	0.681088	1.362176	6.530432
0	6.570109	4.487168	0.681088	1.362176	6.530432
0	6.671188	4.487168	0.681088	1.362176	6.530432
0	6.772266	4.527232	0.681088	1.362176	6.570496
0	6.873345	4.487168	0.681088	1.362176	6.530432
0	6.974424	4.487168	0.681088	1.362176	6.530432
0	7.075502	4.487168	0.681088	1.362176	6.530432
0	7.176581	4.487168	0.681088	1.362176	6.530432
0	7.277659	4.487168	0.681088	1.362176	6.530432
0	7.378738	4.487168	0.681088	1.362176	6.530432
0	7.479817	4.487168	0.681088	1.362176	6.530432
0	7.580895	4.527232	0.681088	1.362176	6.570496
0	7.681974	4.527232	0.681088	1.362176	6.570496
0	7.783052	4.527232	0.681088	1.362176	6.570496
0	7.884131	4.527232	0.681088	1.362176	6.570496
0	7.985210	4.527232	0.681088	1.362176	6.570496
0	8.086288	4.527232	0.681088	1.362176	6.570496
0	8.187367	4.527232	0.681088	1.362176	6.570496
0	8.288445	4.527232	0.681088	1.362176	6.570496
0	8.389524	4.487168	0.681088	1.362176	6.530432
0	8.490603	4.487168	0.681088	1.362176	6.530432
0	8.591681	4.487168	0.681088	1.362176	6.530432
0	8.692760	4.487168	0.681088	1.362176	6.530432
0	8.793838	4.527232	0.681088	1.362176	6.570496
0	8.894917	4.527232	0.681088	1.362176	6.570496
0	8.995996	4.527232	0.681088	1.362176	6.570496
0	9.097074	4.527232	0.681088	1.362176	6.570496
0	9.198153	4.527232	0.681088	1.362176	6.570496
0	9.299231	4.567296	0.681088	1.362176	6.610560
0	9.400310	4.567296	0.681088	1.362176	6.610560
0	9.501389	4.567296	0.681088	1.362176	6.610560
0	9.602467	4.567296	0.681088	1.362176	6.610560
0	9.703546	4.567296	0.681088	1.362176	6.610560
0	9.804625	4.567296	0.681088	1.362176	6.610560
0	9.905703	4.567296	0.681088	1.362176	6.610560
0	10.006782	4.567296	0.681088	1.362176	6.610560
0	10.107860	4.567296	0.681088	1.362176	6.610560
0	10.208939	4.567296	0.681088	1.362176	6.610560
0	10.310018	4.567296	0.681088	1.362176	6.610560
0	10.411096	4.567296	0.681088	1.362176	6.610560
0	10.512175	4.567296	0.681088	1.362176	6.610560
0	10.613253	4.527232	0.681088	1.362176	6.570496
0	10.714332	4.527232	0.681088	1.362176	6.570496
0	10.815411	4.527232	0.681088	1.362176	6.570496
0	10.916489	4.527232	0.681088	1.362176	6.570496
0	11.017568	4.527232	0.681088	1.362176	6.570496
0	11.118646	4.527232	0.681088	1.362176	6.570496
0	11.219725	4.527232	0.681088	1.362176	6.570496
0	11.320804	4.527232	0.681088	1.362176	6.570496
0	11.421882	4.527232	0.681088	1.362176	6.570496
0	11.522961	4.527232	0.681088	1.362176	6.570496
0	11.624039	4.527232	0.681088	1.362176	6.570496
0	11.725118	4.527232	0.681088	1.362176	6.570496
0	11.826197	4.527232	0.681088	1.362176	6.570496
0	11.927275	4.527232	0.681088	1.362176	6.570496
