Set_id	Time	Line 0	Line 1	Line 2	Sum
0	0.000000	4.880000	0.958464	1.400000	7.238464
0	0.100901	4.880000	0.958464	1.400000	7.238464
0	0.201801	4.880000	0.958464	1.400000	7.238464
0	0.302702	4.920000	0.918528	1.400000	7.238528
0	0.403602	4.920000	0.920000	1.400000	7.240000
0	0.504503	4.920000	0.920000	1.400000	7.240000
0	0.605403	4.920000	0.920000	1.400000	7.240000
0	0.706304	4.920000	0.920000	1.400000	7.240000
0	0.807204	4.920000	0.920000	1.400000	7.240000
0	0.908105	4.927872	0.920000	1.400000	7.247872
0	1.009006	4.927872	0.920000	1.400000	7.247872
0	1.109906	4.887808	0.920000	1.400000	7.207808
0	1.210807	4.887808	0.920000	1.400000	7.207808
0	1.311707	4.887808	0.920000	1.400000	7.207808
0	1.412608	4.887808	0.920000	1.402240	7.210048
0	1.513508	4.887808	0.920000	1.402240	7.210048
0	1.614409	4.847744	0.920000	1.402240	7.169984
0	1.715309	4.847744	0.920000	1.402240	7.169984
0	1.816210	4.847744	0.920000	1.402240	7.169984
0	1.917111	4.847744	0.920000	1.402240	7.169984
0	2.018011	4.847744	0.921472	1.402240	7.171456
0	2.118912	4.847744	0.921472	1.402240	7.171456
0	2.219812	4.847744	0.881408	1.402240	7.131392
0	2.320713	4.847744	0.880000	1.402240	7.129984
0	2.421613	4.847744	0.880000	1.402240	7.129984
0	2.522514	4.847744	0.880000	1.402240	7.129984
0	2.623414	4.847744	0.880000	1.402240	7.129984
0	2.724315	4.847744	0.880000	1.402240	7.129984
0	2.825216	4.847744	0.880000	1.402240	7.129984
0	2.926116	4.847744	0.881408	1.402240	7.131392
0	3.027017	4.847744	0.881408	1.402240	7.131392
0	3.127917	4.847744	0.881408	1.402240	7.131392
0	3.228818	4.847744	0.881408	1.402240	7.131392
0	3.329718	4.847744	0.880000	1.402240	7.129984
0	3.430619	4.847744	0.881408	1.402240	7.131392
0	3.531519	4.847744	0.881408	1.402240	7.131392
0	3.632420	4.847744	0.881408	1.402240	7.131392
0	3.733321	4.847744	0.881408	1.402240	7.131392
0	3.834221	4.847744	0.881408	1.402240	7.131392
0	3.935122	4.847744	0.881408	1.402240	7.131392
0	4.036022	4.847744	0.881408	1.402240	7.131392
0	4.136923	4.847744	0.881408	1.402240	7.131392
0	4.237823	4.847744	0.881408	1.402240	7.131392
0	4.338724	4.847744	0.881408	1.402240	7.131392
0	4.439624	4.847744	0.881408	1.402240	7.131392
0	4.540525	4.847744	0.881408	1.402240	7.131392
0	4.641425	4.807680	0.881408	1.402240	7.091328
0	4.742326	4.847744	0.880000	1.402240	7.129984
0	4.843227	4.847744	0.880000	1.402240	7.129984
0	4.944127	4.847744	0.880000	1.402240	7.129984
0	5.045028	4.847744	0.880000	1.402240	7.129984
0	5.145928	4.847744	0.881408	1.402240	7.131392
0	5.246829	4.847744	0.881408	1.402240	7.131392
0	5.347729	4.847744	0.881408	1.402240	7.131392
0	5.448630	4.807680	0.881408	1.402240	7.091328
0	5.549530	4.807680	0.881408	1.402240	7.091328
0	5.650431	4.807680	0.881408	1.402240	7.091328
0	5.751332	4.807680	0.881408	1.402240	7.091328
0	5.852232	4.807680	0.881408	1.402240	7.091328
0	5.953133	4.807680	0.881408	1.402240	7.091328
0	6.054033	4.807680	0.881408	1.402240	7.091328
0	6.154934	4.807680	0.881408	1.402240	7.091328
0	6.255834	4.807680	0.881408	1.402240	7.091328
0	6.356735	4.847744	0.880000	1.402240	7.129984
0	6.457635	4.847744	0.880000	1.402240	7.129984
0	6.558536	4.847744	0.880000	1.402240	7.129984
0	6.659437	4.847744	0.880000	1.402240	7.129984
0	6.760337	4.847744	0.880000	1.402240	7.129984
0	6.861238	4.847744	0.880000	1.402240	7.129984
0	6.962138	4.847744	0.880000	1.402240	7.129984
0	7.063039	4.887808	0.880000	1.402240	7.170048
0	7.163939	4.887808	0.880000	1.402240	7.170048
0	7.264840	4.887808	0.880000	1.402240	7.170048
0	7.365740	4.887808	0.880000	1.402240	7.170048
0	7.466641	4.887808	0.880000	1.402240	7.170048
0	7.567542	4.887808	0.880000	1.402240	7.170048
0	7.668442	4.887808	0.880000	1.402240	7.170048
0	7.769343	4.887808	0.880000	1.402240	7.170048
0	7.870243	4.847744	0.880000	1.402240	7.129984
0	7.971144	4.847744	0.880000	1.402240	7.129984
0	8.072044	4.847744	0.881408	1.402240	7.131392
0	8.172945	4.847744	0.881408	1.402240	7.131392
0	8.273845	4.847744	0.880000	1.402240	7.129984
0	8.374746	4.847744	0.881408	1.402240	7.131392
0	8.475647	4.847744	0.881408	1.402240	7.131392
0	8.576547	4.847744	0.881408	1.402240	7.131392
0	8.677448	4.807680	0.881408	1.402240	7.091328
0	8.778348	4.807680	0.881408	1.402240	7.091328
0	8.879249	4.807680	0.881408	1.402240	7.091328
0	8.980149	4.807680	0.881408	1.402240	7.091328
0	9.081050	4.807680	0.880000	1.402240	7.089920
0	9.181950	4.807680	0.881408	1.402240	7.091328
0	9.282851	4.807680	0.880000	1.402240	7.089920
0	9.383752	4.847744	0.880000	1.402240	7.129984
0	9.484652	4.847744	0.880000	1.402240	7.129984
0	9.585553	4.807680	0.880000	1.402240	7.089920
0	9.686453	4.807680	0.880000	1.402240	7.089920
0	9.787354	4.807680	0.881408	1.402240	7.091328
0	9.888254	4.807680	0.881408	1.402240	7.091328
0	9.989155	4.807680	0.881408	1.402240	7.091328
0	10.090055	4.807680	0.881408	1.362176	7.051264
0	10.190956	4.807680	0.881408	1.402240	7.091328
0	10.291857	4.807680	0.881408	1.402240	7.091328
0	10.392757	4.807680	0.881408	1.402240	7.091328
0	10.493658	4.807680	0.881408	1.402240	7.091328
0	10.594558	4.807680	0.881408	1.402240	7.091328
0	10.695459	4.807680	0.881408	1.402240	7.091328
0	10.796359	4.807680	0.881408	1.402240	7.091328
0	10.897260	4.807680	0.881408	1.402240	7.091328
0	10.998160	4.807680	0.881408	1.402240	7.091328
0	11.099061	4.807680	0.881408	1.402240	7.091328
0	11.199962	4.807680	0.881408	1.402240	7.091328
0	11.300862	4.807680	0.881408	1.402240	7.091328
0	11.401763	4.807680	0.881408	1.402240	7.091328
0	11.502663	4.807680	0.881408	1.402240	7.091328
0	11.603564	4.807680	0.881408	1.402240	7.091328
0	11.704464	4.847744	0.880000	1.402240	7.129984
0	11.805365	4.847744	0.880000	1.402240	7.129984
0	11.906265	4.847744	0.880000	1.402240	7.129984
0	12.007166	4.807680	0.880000	1.402240	7.089920
0	12.108067	4.807680	0.880000	1.402240	7.089920
0	12.208967	4.807680	0.881408	1.402240	7.091328
0	12.309868	4.807680	0.881408	1.402240	7.091328
0	12.410768	4.807680	0.881408	1.402240	7.091328
0	12.511669	4.807680	0.881408	1.402240	7.091328
0	12.612569	4.807680	0.881408	1.402240	7.091328
0	12.713470	4.807680	0.881408	1.402240	7.091328
0	12.814370	4.847744	0.880000	1.402240	7.129984
0	12.915271	4.847744	0.880000	1.402240	7.129984
0	13.016171	4.847744	0.880000	1.402240	7.129984
0	13.117072	4.847744	0.880000	1.402240	7.129984
0	13.217973	4.847744	0.880000	1.402240	7.129984
0	13.318873	4.847744	0.880000	1.402240	7.129984
0	13.419774	4.847744	0.880000	1.402240	7.129984
0	13.520674	4.887808	0.881408	1.402240	7.171456
0	13.621575	4.887808	0.880000	1.402240	7.170048
0	13.722475	4.887808	0.880000	1.402240	7.170048
0	13.823376	4.887808	0.881408	1.402240	7.171456
0	13.924276	4.887808	0.881408	1.402240	7.171456
0	14.025177	4.887808	0.880000	1.402240	7.170048
0	14.126078	4.887808	0.880000	1.402240	7.170048
0	14.226978	4.887808	0.880000	1.402240	7.170048
0	14.327879	4.847744	0.880000	1.402240	7.129984
0	14.428779	4.847744	0.880000	1.402240	7.129984
0	14.529680	4.847744	0.881408	1.402240	7.131392
0	14.630580	4.847744	0.881408	1.402240	7.131392
0	14.731481	4.847744	0.881408	1.402240	7.131392
0	14.832381	4.847744	0.881408	1.402240	7.131392
0	14.933282	4.847744	0.881408	1.402240	7.131392
0	15.034183	4.807680	0.881408	1.402240	7.091328
0	15.135083	4.807680	0.881408	1.362176	7.051264
0	15.235984	4.807680	0.881408	1.362176	7.051264
0	15.336884	4.807680	0.881408	1.362176	7.051264
0	15.437785	4.807680	0.881408	1.362176	7.051264
0	15.538685	4.807680	0.881408	1.362176	7.051264
0	15.639586	4.807680	0.881408	1.362176	7.051264
0	15.740486	4.807680	0.881408	1.402240	7.091328
0	15.841387	4.807680	0.881408	1.402240	7.091328
0	15.942288	4.807680	0.881408	1.362176	7.051264
0	16.043188	4.807680	0.881408	1.402240	7.091328
0	16.144089	4.807680	0.881408	1.402240	7.091328
0	16.244989	4.807680	0.881408	1.362176	7.051264
0	16.345890	4.807680	0.880000	1.402240	7.089920
0	16.446790	4.807680	0.880000	1.362176	7.049856
0	16.547691	4.807680	0.881408	1.402240	7.091328
0	16.648591	4.807680	0.881408	1.362176	7.051264
0	16.749492	4.807680	0.881408	1.402240	7.091328
0	16.850393	4.807680	0.881408	1.402240	7.091328
0	16.951293	4.807680	0.881408	1.362176	7.051264
0	17.052194	4.807680	0.881408	1.362176	7.051264
0	17.153094	4.807680	0.881408	1.362176	7.051264
0	17.253995	4.807680	0.881408	1.362176	7.051264
0	17.354895	4.807680	0.881408	1.402240	7.091328
0	17.455796	4.807680	0.881408	1.402240	7.091328
0	17.556696	4.807680	0.881408	1.402240	7.091328
0	17.657597	4.807680	0.881408	1.362176	7.051264
0	17.758498	4.807680	0.881408	1.402240	7.091328
0	17.859398	4.807680	0.881408	1.402240	7.091328
0	17.960299	4.807680	0.881408	1.362176	7.051264
0	18.061199	4.807680	0.881408	1.362176	7.051264
0	18.162100	4.807680	0.881408	1.362176	7.051264
0	18.263000	4.807680	0.881408	1.402240	7.091328
0	18.363901	4.807680	0.881408	1.362176	7.051264
0	18.464801	4.807680	0.881408	1.362176	7.051264
0	18.565702	4.807680	0.881408	1.362176	7.051264
0	18.666603	4.847744	0.880000	1.402240	7.129984
0	18.767503	4.847744	0.880000	1.402240	7.129984
0	18.868404	4.847744	0.880000	1.402240	7.129984
0	18.969304	4.847744	0.881408	1.402240	7.131392
0	19.070205	4.847744	0.881408	1.402240	7.131392
0	19.171105	4.847744	0.881408	1.402240	7.131392
0	19.272006	4.847744	0.880000	1.402240	7.129984
0	19.372906	4.847744	0.880000	1.402240	7.129984
0	19.473807	4.887808	0.880000	1.402240	7.170048
0	19.574708	4.887808	0.880000	1.402240	7.170048
0	19.675608	4.887808	0.880000	1.402240	7.170048
0	19.776509	4.887808	0.880000	1.402240	7.170048
0	19.877409	4.887808	0.880000	1.402240	7.170048
0	19.978310	4.887808	0.880000	1.402240	7.170048
0	20.079210	4.887808	0.880000	1.402240	7.170048
0	20.180111	4.887808	0.880000	1.402240	7.170048
0	20.281011	4.887808	0.880000	1.402240	7.170048
0	20.381912	4.887808	0.880000	1.402240	7.170048
0	20.482813	4.887808	0.880000	1.402240	7.170048
0	20.583713	4.887808	0.880000	1.402240	7.170048
0	20.684614	4.887808	0.880000	1.402240	7.170048
0	20.785514	4.887808	0.880000	1.402240	7.170048
0	20.886415	4.847744	0.880000	1.402240	7.129984
0	20.987315	4.847744	0.880000	1.402240	7.129984
0	21.088216	4.847744	0.880000	1.402240	7.129984
0	21.189116	4.847744	0.881408	1.402240	7.131392
0	21.290017	4.847744	0.881408	1.402240	7.131392
0	21.390917	4.847744	0.881408	1.402240	7.131392
0	21.491818	4.847744	0.881408	1.402240	7.131392
0	21.592719	4.847744	0.881408	1.402240	7.131392
0	21.693619	4.847744	0.881408	1.402240	7.131392
0	21.794520	4.847744	0.881408	1.402240	7.131392
0	21.895420	4.847744	0.881408	1.402240	7.131392
0	21.996321	4.847744	0.881408	1.402240	7.131392
0	22.097221	4.847744	0.880000	1.402240	7.129984
0	22.198122	4.847744	0.880000	1.402240	7.129984
0	22.299022	4.847744	0.881408	1.402240	7.131392
0	22.399923	4.847744	0.881408	1.402240	7.131392
0	22.500824	4.847744	0.881408	1.402240	7.131392
0	22.601724	4.847744	0.881408	1.362176	7.091328
0	22.702625	4.847744	0.881408	1.402240	7.131392
0	22.803525	4.847744	0.881408	1.402240	7.131392
0	22.904426	4.847744	0.881408	1.402240	7.131392
0	23.005326	4.847744	0.881408	1.402240	7.131392
0	23.106227	4.847744	0.881408	1.402240	7.131392
