Set_id	Time	Line 0	Line 1	Line 2	Sum
0	0.000000	4.567296	0.720000	1.362176	6.649472
0	0.100330	4.567296	0.680000	1.362176	6.609472
0	0.200660	4.567296	0.640000	1.362176	6.569472
0	0.300990	4.527232	0.640000	1.362176	6.529408
0	0.401320	4.527232	0.600960	1.362176	6.490368
0	0.501650	4.527232	0.600960	1.362176	6.490368
0	0.601980	4.487168	0.560896	1.362176	6.410240
0	0.702310	4.447104	0.560896	1.362176	6.370176
0	0.802640	4.407040	0.560896	1.362176	6.330112
0	0.902970	4.407040	0.560896	1.362176	6.330112
0	1.003300	4.407040	0.520832	1.362176	6.290048
0	1.103630	4.366976	0.520832	1.362176	6.249984
0	1.203960	4.366976	0.520832	1.362176	6.249984
0	1.304291	4.366976	0.520832	1.362176	6.249984
0	1.404621	4.366976	0.520832	1.362176	6.249984
0	1.504951	4.366976	0.520832	1.362176	6.249984
0	1.605281	4.366976	0.520832	1.362176	6.249984
0	1.705611	4.407040	0.520832	1.362176	6.290048
0	1.805941	4.407040	0.520832	1.362176	6.290048
0	1.906271	4.407040	0.520832	1.362176	6.290048
0	2.006601	4.407040	0.520832	1.362176	6.290048
0	2.106931	4.407040	0.520832	1.362176	6.290048
0	2.207261	4.407040	0.520832	1.362176	6.290048
0	2.307591	4.407040	0.520832	1.362176	6.290048
0	2.407921	4.407040	0.520832	1.362176	6.290048
0	2.508251	4.366976	0.520832	1.362176	6.249984
0	2.608581	4.407040	0.520832	1.362176	6.290048
0	2.708911	4.407040	0.520832	1.362176	6.290048
0	2.809241	4.407040	0.520832	1.362176	6.290048
0	2.909571	4.366976	0.520832	1.362176	6.249984
0	3.009901	4.366976	0.520832	1.362176	6.249984
0	3.110231	4.366976	0.520832	1.362176	6.249984
0	3.210561	4.366976	0.520832	1.362176	6.249984
0	3.310891	4.366976	0.520832	1.362176	6.249984
0	3.411221	4.366976	0.520832	1.362176	6.249984
0	3.511551	4.366976	0.520832	1.362176	6.249984
0	3.611881	4.366976	0.520832	1.362176	6.249984
0	3.712211	4.326912	0.520832	1.362176	6.209920
0	3.812542	4.326912	0.520832	1.362176	6.209920
0	3.912872	4.326912	0.520832	1.362176	6.209920
0	4.013202	4.326912	0.520832	1.362176	6.209920
0	4.113532	4.326912	0.520832	1.362176	6.209920
0	4.213862	4.326912	0.520832	1.362176	6.209920
0	4.314192	4.366976	0.520832	1.362176	6.249984
0	4.414522	4.366976	0.520832	1.362176	6.249984
0	4.514852	4.366976	0.520832	1.362176	6.249984
0	4.615182	4.326912	0.520832	1.362176	6.209920
0	4.715512	4.326912	0.520832	1.362176	6.209920
0	4.815842	4.326912	0.520832	1.362176	6.209920
0	4.916172	4.326912	0.520832	1.362176	6.209920
0	5.016502	4.326912	0.520832	1.362176	6.209920
0	5.116832	4.366976	0.520832	1.362176	6.249984
0	5.217162	4.326912	0.520832	1.362176	6.209920
0	5.317492	4.326912	0.520832	1.362176	6.209920
0	5.417822	4.326912	0.520832	1.362176	6.209920
0	5.518152	4.326912	0.520832	1.362176	6.209920
0	5.618482	4.326912	0.520832	1.362176	6.209920
0	5.718812	4.326912	0.520832	1.362176	6.209920
0	5.819142	4.326912	0.520832	1.362176	6.209920
0	5.919472	4.326912	0.520832	1.362176	6.209920
0	6.019802	4.326912	0.520832	1.362176	6.209920
0	6.120132	4.326912	0.520832	1.362176	6.209920
0	6.220462	4.326912	0.520832	1.362176	6.209920
0	6.320793	4.326912	0.520832	1.362176	6.209920
0	6.421123	4.326912	0.520832	1.362176	6.209920
0	6.521453	4.326912	0.520832	1.362176	6.209920
0	6.621783	4.326912	0.520832	1.362176	6.209920
0	6.722113	4.326912	0.520832	1.362176	6.209920
0	6.822443	4.326912	0.520832	1.362176	6.209920
0	6.922773	4.326912	0.520832	1.362176	6.209920
0	7.023103	4.326912	0.520832	1.362176	6.209920
0	7.123433	4.326912	0.520832	1.362176	6.209920
0	7.223763	4.326912	0.520832	1.362176	6.209920
0	7.324093	4.326912	0.520832	1.362176	6.209920
0	7.424423	4.326912	0.520832	1.362176	6.209920
0	7.524753	4.326912	0.520832	1.362176	6.209920
0	7.625083	4.326912	0.520832	1.362176	6.209920
0	7.725413	4.326912	0.520832	1.362176	6.209920
0	7.825743	4.326912	0.520832	1.362176	6.209920
0	7.926073	4.326912	0.520832	1.362176	6.209920
0	8.026403	4.366976	0.520832	1.362176	6.249984
0	8.126733	4.366976	0.520832	1.362176	6.249984
0	8.227063	4.366976	0.520832	1.362176	6.249984
0	8.327393	4.366976	0.520832	1.362176	6.249984
0	8.427723	4.366976	0.520832	1.362176	6.249984
0	8.528053	4.366976	0.520832	1.362176	6.249984
0	8.628383	4.366976	0.520832	1.362176	6.249984
0	8.728713	4.366976	0.520832	1.362176	6.249984
0	8.829044	4.407040	0.520832	1.362176	6.290048
0	8.929374	4.447104	0.520832	1.362176	6.330112
0	9.029704	4.447104	0.520832	1.362176	6.330112
0	9.130034	4.407040	0.520832	1.362176	6.290048
0	9.230364	4.407040	0.520832	1.362176	6.290048
0	9.330694	4.407040	0.520832	1.362176	6.290048
0	9.431024	4.407040	0.520832	1.362176	6.290048
0	9.531354	4.366976	0.520832	1.362176	6.249984
0	9.631684	4.366976	0.520832	1.362176	6.249984
0	9.732014	4.366976	0.520832	1.362176	6.249984
0	9.832344	4.366976	0.520832	1.362176	6.249984
0	9.932674	4.366976	0.520832	1.362176	6.249984
0	10.033004	4.366976	0.520832	1.362176	6.249984
0	10.133334	4.366976	0.520832	1.362176	6.249984
0	10.233664	4.326912	0.520832	1.362176	6.209920
0	10.333994	4.326912	0.520832	1.362176	6.209920
0	10.434324	4.326912	0.520832	1.362176	6.209920
0	10.534654	4.326912	0.520832	1.362176	6.209920
0	10.634984	4.326912	0.520832	1.362176	6.209920
0	10.735314	4.326912	0.520832	1.362176	6.209920
0	10.835644	4.326912	0.520832	1.362176	6.209920
0	10.935974	4.326912	0.520832	1.362176	6.209920
0	11.036304	4.326912	0.520832	1.362176	6.209920
0	11.136634	4.326912	0.520832	1.362176	6.209920
0	11.236964	4.326912	0.520832	1.362176	6.209920
0	11.337295	4.326912	0.520832	1.362176	6.209920
0	11.437625	4.326912	0.520832	1.362176	6.209920
0	11.537955	4.326912	0.520832	1.362176	6.209920
0	11.638285	4.366976	0.520832	1.362176	6.249984
0	11.738615	4.366976	0.520832	1.362176	6.249984
0	11.838945	4.407040	0.520832	1.362176	6.290048
0	11.939275	4.447104	0.520832	1.362176	6.330112
0	12.039605	4.447104	0.520832	1.362176	6.330112
0	12.139935	4.447104	0.520832	1.362176	6.330112
0	12.240265	4.407040	0.520832	1.362176	6.290048
0	12.340595	4.407040	0.520832	1.362176	6.290048
0	12.440925	4.366976	0.520832	1.362176	6.249984
0	12.541255	4.366976	0.520832	1.362176	6.249984
0	12.641585	4.366976	0.520832	1.362176	6.249984
0	12.741915	4.366976	0.520832	1.362176	6.249984
0	12.842245	4.366976	0.520832	1.362176	6.249984
0	12.942575	4.326912	0.520832	1.362176	6.209920
0	13.042905	4.326912	0.520832	1.362176	6.209920
0	13.143235	4.326912	0.520832	1.362176	6.209920
0	13.243565	4.326912	0.520832	1.362176	6.209920
0	13.343895	4.326912	0.520832	1.362176	6.209920
0	13.444225	4.326912	0.520832	1.362176	6.209920
0	13.544555	4.326912	0.520832	1.362176	6.209920
0	13.644885	4.326912	0.520832	1.362176	6.209920
0	13.745215	4.326912	0.520832	1.362176	6.209920
0	13.845546	4.326912	0.520832	1.362176	6.209920
0	13.945876	4.326912	0.520832	1.362176	6.209920
0	14.046206	4.326912	0.520832	1.362176	6.209920
0	14.146536	4.326912	0.520832	1.362176	6.209920
0	14.246866	4.326912	0.520832	1.362176	6.209920
0	14.347196	4.326912	0.520832	1.362176	6.209920
0	14.447526	4.366976	0.520832	1.362176	6.249984
0	14.547856	4.366976	0.520832	1.362176	6.249984
0	14.648186	4.366976	0.520832	1.362176	6.249984
0	14.748516	4.366976	0.520832	1.362176	6.249984
0	14.848846	4.366976	0.520832	1.362176	6.249984
0	14.949176	4.366976	0.520832	1.362176	6.249984
0	15.049506	4.366976	0.520832	1.362176	6.249984
0	15.149836	4.366976	0.520832	1.362176	6.249984
0	15.250166	4.366976	0.520832	1.362176	6.249984
0	15.350496	4.366976	0.520832	1.362176	6.249984
0	15.450826	4.366976	0.520832	1.362176	6.249984
0	15.551156	4.366976	0.520832	1.362176	6.249984
0	15.651486	4.366976	0.520832	1.362176	6.249984
0	15.751816	4.366976	0.520832	1.362176	6.249984
0	15.852146	4.366976	0.520832	1.362176	6.249984
0	15.952476	4.366976	0.520832	1.362176	6.249984
0	16.052806	4.366976	0.520832	1.362176	6.249984
0	16.153136	4.366976	0.520832	1.362176	6.249984
0	16.253466	4.326912	0.520832	1.362176	6.209920
0	16.353797	4.326912	0.520832	1.362176	6.209920
0	16.454127	4.326912	0.520832	1.362176	6.209920
0	16.554457	4.326912	0.520832	1.362176	6.209920
0	16.654787	4.326912	0.520832	1.362176	6.209920
0	16.755117	4.326912	0.520832	1.362176	6.209920
0	16.855447	4.326912	0.520832	1.362176	6.209920
0	16.955777	4.326912	0.520832	1.362176	6.209920
0	17.056107	4.326912	0.520832	1.362176	6.209920
0	17.156437	4.366976	0.520832	1.362176	6.249984
0	17.256767	4.366976	0.520832	1.362176	6.249984
0	17.357097	4.326912	0.520832	1.362176	6.209920
0	17.457427	4.326912	0.520832	1.362176	6.209920
0	17.557757	4.326912	0.520832	1.362176	6.209920
0	17.658087	4.326912	0.520832	1.362176	6.209920
0	17.758417	4.326912	0.520832	1.362176	6.209920
0	17.858747	4.326912	0.520832	1.362176	6.209920
0	17.959077	4.326912	0.520832	1.362176	6.209920
0	18.059407	4.326912	0.520832	1.362176	6.209920
0	18.159737	4.326912	0.520832	1.362176	6.209920
0	18.260067	4.326912	0.520832	1.362176	6.209920
0	18.360397	4.326912	0.520832	1.362176	6.209920
0	18.460727	4.326912	0.520832	1.362176	6.209920
0	18.561057	4.326912	0.520832	1.362176	6.209920
0	18.661387	4.326912	0.520832	1.362176	6.209920
0	18.761717	4.326912	0.520832	1.362176	6.209920
0	18.862048	4.326912	0.520832	1.362176	6.209920
0	18.962378	4.326912	0.520832	1.362176	6.209920
0	19.062708	4.326912	0.520832	1.362176	6.209920
0	19.163038	4.326912	0.520832	1.362176	6.209920
0	19.263368	4.326912	0.520832	1.362176	6.209920
0	19.363698	4.326912	0.520832	1.362176	6.209920
0	19.464028	4.326912	0.520832	1.362176	6.209920
0	19.564358	4.326912	0.520832	1.362176	6.209920
0	19.664688	4.326912	0.520832	1.362176	6.209920
0	19.765018	4.326912	0.520832	1.362176	6.209920
0	19.865348	4.326912	0.520832	1.362176	6.209920
0	19.965678	4.326912	0.520832	1.362176	6.209920
0	20.066008	4.326912	0.520832	1.362176	6.209920
0	20.166338	4.326912	0.520832	1.362176	6.209920
0	20.266668	4.326912	0.520832	1.362176	6.209920
0	20.366998	4.326912	0.520832	1.362176	6.209920
0	20.467328	4.326912	0.520832	1.362176	6.209920
0	20.567658	4.326912	0.520832	1.362176	6.209920
0	20.667988	4.326912	0.520832	1.362176	6.209920
0	20.768318	4.366976	0.520832	1.362176	6.249984
0	20.868648	4.366976	0.520832	1.362176	6.249984
0	20.968978	4.366976	0.520832	1.362176	6.249984
0	21.069308	4.366976	0.520832	1.362176	6.249984
0	21.169638	4.366976	0.520832	1.362176	6.249984
0	21.269968	4.366976	0.520832	1.362176	6.249984
0	21.370299	4.366976	0.520832	1.362176	6.249984
0	21.470629	4.366976	0.520832	1.362176	6.249984
0	21.570959	4.366976	0.520832	1.362176	6.249984
0	21.671289	4.366976	0.520832	1.362176	6.249984
0	21.771619	4.366976	0.520832	1.362176	6.249984
0	21.871949	4.366976	0.520832	1.362176	6.249984
0	21.972279	4.407040	0.520832	1.362176	6.290048
0	22.072609	4.366976	0.520832	1.362176	6.249984
0	22.172939	4.366976	0.520832	1.362176	6.249984
0	22.273269	4.366976	0.520832	1.362176	6.249984
0	22.373599	4.366976	0.520832	1.362176	6.249984
0	22.473929	4.366976	0.520832	1.362176	6.249984
0	22.574259	4.326912	0.520832	1.362176	6.209920
0	22.674589	4.326912	0.520832	1.362176	6.209920
0	22.774919	4.326912	0.520832	1.362176	6.209920
0	22.875249	4.326912	0.520832	1.362176	6.209920
0	22.975579	4.326912	0.520832	1.362176	6.209920
0	23.075909	4.326912	0.520832	1.362176	6.209920
0	23.176239	4.326912	0.520832	1.362176	6.209920
0	23.276569	4.366976	0.520832	1.362176	6.249984
0	23.376899	4.407040	0.520832	1.362176	6.290048
0	23.477229	4.407040	0.520832	1.362176	6.290048
0	23.577559	4.447104	0.520832	1.362176	6.330112
0	23.677889	4.447104	0.520832	1.362176	6.330112
0	23.778220	4.407040	0.520832	1.362176	6.290048
0	23.878550	4.407040	0.520832	1.362176	6.290048
0	23.978880	4.366976	0.520832	1.362176	6.249984
0	24.079210	4.366976	0.520832	1.362176	6.249984
0	24.179540	4.366976	0.520832	1.362176	6.249984
0	24.279870	4.366976	0.520832	1.362176	6.249984
0	24.380200	4.366976	0.520832	1.362176	6.249984
0	24.480530	4.366976	0.520832	1.362176	6.249984
0	24.580860	4.366976	0.520832	1.362176	6.249984
0	24.681190	4.366976	0.520832	1.362176	6.249984
0	24.781520	4.326912	0.520832	1.362176	6.209920
0	24.881850	4.326912	0.520832	1.362176	6.209920
0	24.982180	4.326912	0.520832	1.362176	6.209920
0	25.082510	4.326912	0.520832	1.362176	6.209920
0	25.182840	4.326912	0.520832	1.362176	6.209920
0	25.283170	4.326912	0.520832	1.362176	6.209920
0	25.383500	4.326912	0.520832	1.362176	6.209920
0	25.483830	4.326912	0.520832	1.362176	6.209920
0	25.584160	4.326912	0.520832	1.362176	6.209920
0	25.684490	4.326912	0.520832	1.362176	6.209920
0	25.784820	4.326912	0.520832	1.362176	6.209920
0	25.885150	4.326912	0.520832	1.362176	6.209920
0	25.985480	4.326912	0.520832	1.362176	6.209920
0	26.085810	4.326912	0.520832	1.362176	6.209920
0	26.186140	4.326912	0.520832	1.362176	6.209920
0	26.286471	4.326912	0.520832	1.362176	6.209920
0	26.386801	4.326912	0.520832	1.362176	6.209920
0	26.487131	4.326912	0.520832	1.362176	6.209920
0	26.587461	4.326912	0.520832	1.362176	6.209920
0	26.687791	4.326912	0.520832	1.362176	6.209920
0	26.788121	4.326912	0.520832	1.362176	6.209920
0	26.888451	4.326912	0.520832	1.362176	6.209920
0	26.988781	4.326912	0.520832	1.362176	6.209920
0	27.089111	4.326912	0.520832	1.362176	6.209920
0	27.189441	4.366976	0.520832	1.362176	6.249984
0	27.289771	4.366976	0.520832	1.362176	6.249984
0	27.390101	4.366976	0.520832	1.362176	6.249984
0	27.490431	4.366976	0.520832	1.362176	6.249984
0	27.590761	4.366976	0.520832	1.362176	6.249984
0	27.691091	4.366976	0.520832	1.362176	6.249984
0	27.791421	4.366976	0.520832	1.362176	6.249984
0	27.891751	4.366976	0.520832	1.362176	6.249984
0	27.992081	4.407040	0.520832	1.362176	6.290048
0	28.092411	4.407040	0.520832	1.362176	6.290048
0	28.192741	4.407040	0.520832	1.362176	6.290048
0	28.293071	4.407040	0.520832	1.362176	6.290048
0	28.393401	4.366976	0.520832	1.362176	6.249984
0	28.493731	4.366976	0.520832	1.362176	6.249984
0	28.594061	4.366976	0.520832	1.362176	6.249984
0	28.694391	4.366976	0.520832	1.362176	6.249984
0	28.794722	4.366976	0.520832	1.362176	6.249984
0	28.895052	4.366976	0.520832	1.362176	6.249984
0	28.995382	4.326912	0.520832	1.362176	6.209920
0	29.095712	4.326912	0.520832	1.362176	6.209920
0	29.196042	4.326912	0.520832	1.362176	6.209920
0	29.296372	4.326912	0.520832	1.362176	6.209920
0	29.396702	4.326912	0.520832	1.362176	6.209920
0	29.497032	4.326912	0.520832	1.362176	6.209920
0	29.597362	4.326912	0.520832	1.362176	6.209920
0	29.697692	4.326912	0.520832	1.362176	6.209920
0	29.798022	4.326912	0.520832	1.362176	6.209920
0	29.898352	4.326912	0.520832	1.362176	6.209920
0	29.998682	4.326912	0.520832	1.362176	6.209920
0	30.099012	4.326912	0.520832	1.362176	6.209920
0	30.199342	4.326912	0.520832	1.362176	6.209920
0	30.299672	4.326912	0.520832	1.362176	6.209920
0	30.400002	4.326912	0.520832	1.362176	6.209920
0	30.500332	4.326912	0.520832	1.362176	6.209920
0	30.600662	4.326912	0.520832	1.362176	6.209920
0	30.700992	4.326912	0.520832	1.362176	6.209920
0	30.801322	4.326912	0.520832	1.362176	6.209920
0	30.901652	4.326912	0.520832	1.362176	6.209920
0	31.001982	4.326912	0.520832	1.362176	6.209920
0	31.102312	4.326912	0.520832	1.362176	6.209920
0	31.202642	4.326912	0.520832	1.362176	6.209920
0	31.302973	4.326912	0.520832	1.362176	6.209920
0	31.403303	4.326912	0.520832	1.362176	6.209920
0	31.503633	4.326912	0.520832	1.362176	6.209920
0	31.603963	4.326912	0.520832	1.362176	6.209920
0	31.704293	4.326912	0.520832	1.362176	6.209920
0	31.804623	4.326912	0.520832	1.362176	6.209920
0	31.904953	4.326912	0.520832	1.362176	6.209920
0	32.005283	4.326912	0.520832	1.362176	6.209920
0	32.105613	4.326912	0.520832	1.362176	6.209920
0	32.205943	4.326912	0.520832	1.362176	6.209920
0	32.306273	4.326912	0.520832	1.362176	6.209920
0	32.406603	4.326912	0.520832	1.362176	6.209920
0	32.506933	4.326912	0.520832	1.362176	6.209920
0	32.607263	4.326912	0.520832	1.362176	6.209920
0	32.707593	4.326912	0.520832	1.362176	6.209920
0	32.807923	4.326912	0.520832	1.362176	6.209920
0	32.908253	4.326912	0.520832	1.362176	6.209920
0	33.008583	4.326912	0.520832	1.362176	6.209920
0	33.108913	4.326912	0.520832	1.362176	6.209920
0	33.209243	4.326912	0.520832	1.362176	6.209920
0	33.309573	4.326912	0.520832	1.362176	6.209920
0	33.409903	4.326912	0.520832	1.362176	6.209920
0	33.510233	4.326912	0.520832	1.362176	6.209920
0	33.610563	4.366976	0.520832	1.362176	6.249984
0	33.710893	4.366976	0.520832	1.362176	6.249984
0	33.811224	4.366976	0.520832	1.362176	6.249984
0	33.911554	4.366976	0.520832	1.362176	6.249984
0	34.011884	4.366976	0.520832	1.362176	6.249984
0	34.112214	4.366976	0.520832	1.362176	6.249984
0	34.212544	4.366976	0.520832	1.362176	6.249984
0	34.312874	4.366976	0.520832	1.362176	6.249984
0	34.413204	4.366976	0.520832	1.362176	6.249984
0	34.513534	4.366976	0.520832	1.362176	6.249984
0	34.613864	4.366976	0.520832	1.362176	6.249984
0	34.714194	4.366976	0.520832	1.362176	6.249984
0	34.814524	4.407040	0.520832	1.362176	6.290048
0	34.914854	4.447104	0.520832	1.362176	6.330112
0	35.015184	4.447104	0.520832	1.362176	6.330112
0	35.115514	4.447104	0.520832	1.402240	6.370176
0	35.215844	4.447104	0.520832	1.362176	6.330112
0	35.316174	4.447104	0.520832	1.362176	6.330112
0	35.416504	4.407040	0.520832	1.362176	6.290048
0	35.516834	4.407040	0.520832	1.362176	6.290048
0	35.617164	4.366976	0.520832	1.362176	6.249984
0	35.717494	4.366976	0.520832	1.362176	6.249984
0	35.817824	4.366976	0.520832	1.362176	6.249984
0	35.918154	4.366976	0.520832	1.362176	6.249984
0	36.018484	4.366976	0.520832	1.362176	6.249984
0	36.118814	4.366976	0.520832	1.362176	6.249984
0	36.219144	4.326912	0.520832	1.362176	6.209920
0	36.319475	4.326912	0.520832	1.362176	6.209920
0	36.419805	4.326912	0.520832	1.362176	6.209920
0	36.520135	4.326912	0.520832	1.362176	6.209920
0	36.620465	4.326912	0.520832	1.362176	6.209920
0	36.720795	4.326912	0.520832	1.362176	6.209920
0	36.821125	4.326912	0.520832	1.362176	6.209920
0	36.921455	4.326912	0.520832	1.362176	6.209920
0	37.021785	4.326912	0.520832	1.362176	6.209920
0	37.122115	4.326912	0.520832	1.362176	6.209920
0	37.222445	4.326912	0.520832	1.362176	6.209920
0	37.322775	4.326912	0.520832	1.362176	6.209920
0	37.423105	4.326912	0.520832	1.362176	6.209920
0	37.523435	4.326912	0.520832	1.362176	6.209920
0	37.623765	4.326912	0.520832	1.362176	6.209920
0	37.724095	4.326912	0.520832	1.362176	6.209920
0	37.824425	4.326912	0.520832	1.362176	6.209920
0	37.924755	4.326912	0.520832	1.362176	6.209920
0	38.025085	4.326912	0.520832	1.362176	6.209920
0	38.125415	4.326912	0.520832	1.362176	6.209920
0	38.225745	4.326912	0.520832	1.362176	6.209920
0	38.326075	4.326912	0.520832	1.362176	6.209920
0	38.426405	4.326912	0.520832	1.362176	6.209920
0	38.526735	4.326912	0.520832	1.362176	6.209920
0	38.627065	4.326912	0.520832	1.362176	6.209920
0	38.727395	4.326912	0.520832	1.362176	6.209920
0	38.827726	4.326912	0.520832	1.362176	6.209920
0	38.928056	4.326912	0.520832	1.362176	6.209920
0	39.028386	4.326912	0.520832	1.362176	6.209920
0	39.128716	4.326912	0.520832	1.362176	6.209920
0	39.229046	4.326912	0.520832	1.362176	6.209920
0	39.329376	4.326912	0.520832	1.362176	6.209920
0	39.429706	4.326912	0.520832	1.362176	6.209920
0	39.530036	4.326912	0.520832	1.362176	6.209920
0	39.630366	4.326912	0.520832	1.362176	6.209920
0	39.730696	4.326912	0.520832	1.362176	6.209920
0	39.831026	4.326912	0.520832	1.362176	6.209920
0	39.931356	4.326912	0.520832	1.362176	6.209920
0	40.031686	4.366976	0.520832	1.362176	6.249984
0	40.132016	4.366976	0.520832	1.362176	6.249984
0	40.232346	4.366976	0.520832	1.362176	6.249984
0	40.332676	4.366976	0.520832	1.362176	6.249984
0	40.433006	4.366976	0.520832	1.362176	6.249984
0	40.533336	4.366976	0.520832	1.362176	6.249984
0	40.633666	4.366976	0.520832	1.362176	6.249984
0	40.733996	4.366976	0.520832	1.362176	6.249984
0	40.834326	4.366976	0.520832	1.362176	6.249984
0	40.934656	4.366976	0.520832	1.362176	6.249984
0	41.034986	4.366976	0.520832	1.362176	6.249984
0	41.135316	4.366976	0.520832	1.362176	6.249984
0	41.235646	4.407040	0.520832	1.362176	6.290048
0	41.335977	4.366976	0.520832	1.362176	6.249984
0	41.436307	4.366976	0.520832	1.362176	6.249984
0	41.536637	4.366976	0.520832	1.362176	6.249984
0	41.636967	4.366976	0.520832	1.362176	6.249984
0	41.737297	4.326912	0.520832	1.362176	6.209920
0	41.837627	4.326912	0.520832	1.362176	6.209920
0	41.937957	4.326912	0.520832	1.362176	6.209920
0	42.038287	4.326912	0.520832	1.362176	6.209920
0	42.138617	4.326912	0.520832	1.362176	6.209920
0	42.238947	4.326912	0.520832	1.362176	6.209920
0	42.339277	4.326912	0.520832	1.362176	6.209920
0	42.439607	4.326912	0.520832	1.362176	6.209920
0	42.539937	4.326912	0.520832	1.362176	6.209920
0	42.640267	4.326912	0.520832	1.362176	6.209920
0	42.740597	4.326912	0.520832	1.362176	6.209920
0	42.840927	4.326912	0.520832	1.362176	6.209920
0	42.941257	4.326912	0.520832	1.362176	6.209920
0	43.041587	4.326912	0.520832	1.362176	6.209920
0	43.141917	4.326912	0.520832	1.362176	6.209920
0	43.242247	4.326912	0.520832	1.362176	6.209920
0	43.342577	4.326912	0.520832	1.362176	6.209920
0	43.442907	4.326912	0.520832	1.362176	6.209920
0	43.543237	4.326912	0.520832	1.362176	6.209920
0	43.643567	4.326912	0.520832	1.362176	6.209920
0	43.743897	4.326912	0.520832	1.362176	6.209920
0	43.844228	4.326912	0.520832	1.362176	6.209920
0	43.944558	4.326912	0.520832	1.362176	6.209920
0	44.044888	4.326912	0.520832	1.362176	6.209920
0	44.145218	4.326912	0.520832	1.362176	6.209920
0	44.245548	4.326912	0.520832	1.362176	6.209920
0	44.345878	4.326912	0.520832	1.362176	6.209920
0	44.446208	4.326912	0.520832	1.362176	6.209920
0	44.546538	4.326912	0.520832	1.362176	6.209920
0	44.646868	4.326912	0.520832	1.362176	6.209920
0	44.747198	4.326912	0.520832	1.362176	6.209920
0	44.847528	4.326912	0.520832	1.362176	6.209920
0	44.947858	4.326912	0.520832	1.362176	6.209920
0	45.048188	4.326912	0.520832	1.362176	6.209920
0	45.148518	4.326912	0.520832	1.362176	6.209920
0	45.248848	4.326912	0.520832	1.362176	6.209920
0	45.349178	4.326912	0.520832	1.362176	6.209920
0	45.449508	4.326912	0.520832	1.362176	6.209920
0	45.549838	4.326912	0.520832	1.362176	6.209920
0	45.650168	4.326912	0.520832	1.362176	6.209920
0	45.750498	4.326912	0.520832	1.362176	6.209920
0	45.850828	4.326912	0.520832	1.362176	6.209920
0	45.951158	4.326912	0.520832	1.362176	6.209920
0	46.051488	4.326912	0.520832	1.362176	6.209920
0	46.151818	4.326912	0.520832	1.362176	6.209920
0	46.252148	4.326912	0.520832	1.362176	6.209920
0	46.352479	4.366976	0.520832	1.362176	6.249984
0	46.452809	4.407040	0.520832	1.362176	6.290048
0	46.553139	4.447104	0.520832	1.362176	6.330112
0	46.653469	4.487168	0.520832	1.402240	6.410240
0	46.753799	4.487168	0.520832	1.402240	6.410240
0	46.854129	4.447104	0.520832	1.362176	6.330112
0	46.954459	4.447104	0.520832	1.362176	6.330112
0	47.054789	4.447104	0.520832	1.362176	6.330112
0	47.155119	4.407040	0.520832	1.362176	6.290048
0	47.255449	4.407040	0.520832	1.362176	6.290048
0	47.355779	4.407040	0.520832	1.362176	6.290048
0	47.456109	4.407040	0.520832	1.362176	6.290048
0	47.556439	4.407040	0.520832	1.362176	6.290048
0	47.656769	4.407040	0.520832	1.362176	6.290048
0	47.757099	4.407040	0.520832	1.362176	6.290048
0	47.857429	4.366976	0.520832	1.362176	6.249984
0	47.957759	4.366976	0.520832	1.362176	6.249984
0	48.058089	4.366976	0.520832	1.362176	6.249984
0	48.158419	4.366976	0.520832	1.362176	6.249984
0	48.258749	4.366976	0.520832	1.362176	6.249984
0	48.359079	4.326912	0.520832	1.362176	6.209920
0	48.459409	4.326912	0.520832	1.362176	6.209920
0	48.559739	4.326912	0.520832	1.362176	6.209920
0	48.660069	4.326912	0.520832	1.362176	6.209920
0	48.760399	4.326912	0.520832	1.362176	6.209920
0	48.860730	4.326912	0.520832	1.362176	6.209920
0	48.961060	4.326912	0.520832	1.362176	6.209920
0	49.061390	4.326912	0.520832	1.362176	6.209920
0	49.161720	4.326912	0.520832	1.362176	6.209920
0	49.262050	4.326912	0.520832	1.362176	6.209920
0	49.362380	4.326912	0.520832	1.362176	6.209920
0	49.462710	4.326912	0.520832	1.362176	6.209920
0	49.563040	4.326912	0.520832	1.362176	6.209920
0	49.663370	4.326912	0.520832	1.362176	6.209920
0	49.763700	4.326912	0.520832	1.362176	6.209920
0	49.864030	4.326912	0.520832	1.362176	6.209920
0	49.964360	4.326912	0.520832	1.362176	6.209920
0	50.064690	4.326912	0.520832	1.362176	6.209920
0	50.165020	4.326912	0.520832	1.362176	6.209920
0	50.265350	4.326912	0.520832	1.362176	6.209920
0	50.365680	4.326912	0.520832	1.362176	6.209920
0	50.466010	4.326912	0.520832	1.362176	6.209920
0	50.566340	4.326912	0.520832	1.362176	6.209920
0	50.666670	4.326912	0.520832	1.362176	6.209920
0	50.767000	4.326912	0.520832	1.362176	6.209920
0	50.867330	4.326912	0.520832	1.362176	6.209920
0	50.967660	4.326912	0.520832	1.362176	6.209920
0	51.067990	4.326912	0.520832	1.362176	6.209920
0	51.168320	4.326912	0.520832	1.362176	6.209920
0	51.268650	4.326912	0.520832	1.362176	6.209920
0	51.368981	4.326912	0.520832	1.362176	6.209920
0	51.469311	4.326912	0.520832	1.362176	6.209920
0	51.569641	4.326912	0.520832	1.362176	6.209920
0	51.669971	4.326912	0.520832	1.362176	6.209920
0	51.770301	4.326912	0.520832	1.362176	6.209920
0	51.870631	4.326912	0.520832	1.362176	6.209920
0	51.970961	4.326912	0.520832	1.362176	6.209920
0	52.071291	4.326912	0.520832	1.362176	6.209920
0	52.171621	4.326912	0.520832	1.362176	6.209920
0	52.271951	4.326912	0.520832	1.362176	6.209920
0	52.372281	4.326912	0.520832	1.362176	6.209920
0	52.472611	4.326912	0.520832	1.362176	6.209920
0	52.572941	4.326912	0.520832	1.362176	6.209920
0	52.673271	4.326912	0.520832	1.362176	6.209920
0	52.773601	4.326912	0.520832	1.362176	6.209920
0	52.873931	4.366976	0.520832	1.362176	6.249984
0	52.974261	4.366976	0.520832	1.362176	6.249984
0	53.074591	4.366976	0.520832	1.362176	6.249984
0	53.174921	4.366976	0.520832	1.362176	6.249984
0	53.275251	4.366976	0.520832	1.362176	6.249984
0	53.375581	4.366976	0.520832	1.362176	6.249984
0	53.475911	4.366976	0.520832	1.362176	6.249984
0	53.576241	4.366976	0.520832	1.362176	6.249984
0	53.676571	4.366976	0.520832	1.362176	6.249984
0	53.776901	4.366976	0.520832	1.362176	6.249984
0	53.877232	4.366976	0.520832	1.362176	6.249984
0	53.977562	4.366976	0.520832	1.362176	6.249984
0	54.077892	4.407040	0.520832	1.362176	6.290048
0	54.178222	4.366976	0.520832	1.362176	6.249984
0	54.278552	4.366976	0.520832	1.362176	6.249984
0	54.378882	4.366976	0.520832	1.362176	6.249984
0	54.479212	4.366976	0.520832	1.362176	6.249984
0	54.579542	4.366976	0.520832	1.362176	6.249984
0	54.679872	4.326912	0.520832	1.362176	6.209920
0	54.780202	4.326912	0.520832	1.362176	6.209920
0	54.880532	4.326912	0.520832	1.362176	6.209920
0	54.980862	4.326912	0.520832	1.362176	6.209920
0	55.081192	4.326912	0.520832	1.362176	6.209920
0	55.181522	4.326912	0.520832	1.362176	6.209920
0	55.281852	4.326912	0.520832	1.362176	6.209920
0	55.382182	4.326912	0.520832	1.362176	6.209920
0	55.482512	4.326912	0.520832	1.362176	6.209920
0	55.582842	4.326912	0.520832	1.362176	6.209920
0	55.683172	4.326912	0.520832	1.362176	6.209920
0	55.783502	4.326912	0.520832	1.362176	6.209920
0	55.883832	4.326912	0.520832	1.362176	6.209920
0	55.984162	4.326912	0.520832	1.362176	6.209920
0	56.084492	4.326912	0.520832	1.362176	6.209920
0	56.184822	4.326912	0.520832	1.362176	6.209920
0	56.285152	4.326912	0.520832	1.362176	6.209920
0	56.385483	4.326912	0.520832	1.362176	6.209920
0	56.485813	4.326912	0.520832	1.362176	6.209920
0	56.586143	4.326912	0.520832	1.362176	6.209920
0	56.686473	4.326912	0.520832	1.362176	6.209920
0	56.786803	4.326912	0.520832	1.362176	6.209920
0	56.887133	4.326912	0.520832	1.362176	6.209920
0	56.987463	4.326912	0.520832	1.362176	6.209920
0	57.087793	4.326912	0.520832	1.362176	6.209920
0	57.188123	4.326912	0.520832	1.362176	6.209920
0	57.288453	4.326912	0.520832	1.362176	6.209920
0	57.388783	4.326912	0.520832	1.362176	6.209920
0	57.489113	4.326912	0.520832	1.362176	6.209920
0	57.589443	4.326912	0.520832	1.362176	6.209920
0	57.689773	4.326912	0.520832	1.362176	6.209920
0	57.790103	4.326912	0.520832	1.362176	6.209920
0	57.890433	4.366976	0.520832	1.362176	6.249984
0	57.990763	4.407040	0.520832	1.362176	6.290048
0	58.091093	4.447104	0.520832	1.362176	6.330112
0	58.191423	4.447104	0.520832	1.362176	6.330112
0	58.291753	4.407040	0.520832	1.362176	6.290048
0	58.392083	4.407040	0.520832	1.362176	6.290048
0	58.492413	4.366976	0.520832	1.362176	6.249984
0	58.592743	4.366976	0.520832	1.362176	6.249984
0	58.693073	4.366976	0.520832	1.362176	6.249984
0	58.793403	4.366976	0.520832	1.362176	6.249984
0	58.893734	4.366976	0.520832	1.362176	6.249984
0	58.994064	4.326912	0.520832	1.362176	6.209920
0	59.094394	4.326912	0.520832	1.362176	6.209920
0	59.194724	4.366976	0.520832	1.362176	6.249984
0	59.295054	4.366976	0.520832	1.362176	6.249984
0	59.395384	4.366976	0.520832	1.362176	6.249984
0	59.495714	4.366976	0.520832	1.362176	6.249984
0	59.596044	4.366976	0.520832	1.362176	6.249984
0	59.696374	4.366976	0.520832	1.362176	6.249984
0	59.796704	4.366976	0.520832	1.362176	6.249984
0	59.897034	4.366976	0.520832	1.362176	6.249984
0	59.997364	4.366976	0.520832	1.362176	6.249984
0	60.097694	4.366976	0.520832	1.362176	6.249984
0	60.198024	4.366976	0.520832	1.362176	6.249984
0	60.298354	4.366976	0.520832	1.362176	6.249984
0	60.398684	4.366976	0.520832	1.362176	6.249984
0	60.499014	4.366976	0.520832	1.362176	6.249984
0	60.599344	4.366976	0.520832	1.362176	6.249984
0	60.699674	4.366976	0.520832	1.362176	6.249984
0	60.800004	4.366976	0.520832	1.362176	6.249984
0	60.900334	4.366976	0.520832	1.362176	6.249984
0	61.000664	4.366976	0.520832	1.362176	6.249984
0	61.100994	4.326912	0.520832	1.362176	6.209920
0	61.201324	4.326912	0.520832	1.362176	6.209920
0	61.301654	4.326912	0.520832	1.362176	6.209920
0	61.401985	4.326912	0.520832	1.362176	6.209920
0	61.502315	4.326912	0.520832	1.362176	6.209920
0	61.602645	4.326912	0.520832	1.362176	6.209920
0	61.702975	4.326912	0.520832	1.362176	6.209920
0	61.803305	4.326912	0.520832	1.362176	6.209920
0	61.903635	4.326912	0.520832	1.362176	6.209920
0	62.003965	4.326912	0.520832	1.362176	6.209920
0	62.104295	4.326912	0.520832	1.362176	6.209920
0	62.204625	4.326912	0.520832	1.362176	6.209920
0	62.304955	4.326912	0.520832	1.362176	6.209920
0	62.405285	4.326912	0.520832	1.362176	6.209920
0	62.505615	4.326912	0.520832	1.362176	6.209920
0	62.605945	4.326912	0.520832	1.362176	6.209920
0	62.706275	4.326912	0.520832	1.362176	6.209920
0	62.806605	4.326912	0.520832	1.362176	6.209920
0	62.906935	4.326912	0.520832	1.362176	6.209920
0	63.007265	4.326912	0.520832	1.362176	6.209920
0	63.107595	4.326912	0.520832	1.362176	6.209920
0	63.207925	4.326912	0.520832	1.362176	6.209920
0	63.308255	4.326912	0.520832	1.362176	6.209920
0	63.408585	4.326912	0.520832	1.362176	6.209920
0	63.508915	4.326912	0.520832	1.362176	6.209920
0	63.609245	4.326912	0.520832	1.362176	6.209920
0	63.709575	4.326912	0.520832	1.362176	6.209920
0	63.809905	4.326912	0.520832	1.362176	6.209920
0	63.910236	4.326912	0.520832	1.362176	6.209920
0	64.010566	4.326912	0.520832	1.362176	6.209920
0	64.110896	4.366976	0.520832	1.362176	6.249984
0	64.211226	4.366976	0.520832	1.362176	6.249984
0	64.311556	4.366976	0.520832	1.362176	6.249984
0	64.411886	4.366976	0.520832	1.362176	6.249984
0	64.512216	4.366976	0.520832	1.362176	6.249984
0	64.612546	4.326912	0.520832	1.362176	6.209920
0	64.712876	4.326912	0.520832	1.362176	6.209920
0	64.813206	4.326912	0.520832	1.362176	6.209920
0	64.913536	4.326912	0.520832	1.362176	6.209920
0	65.013866	4.326912	0.520832	1.362176	6.209920
0	65.114196	4.326912	0.520832	1.362176	6.209920
0	65.214526	4.326912	0.520832	1.362176	6.209920
0	65.314856	4.326912	0.520832	1.362176	6.209920
0	65.415186	4.326912	0.520832	1.362176	6.209920
0	65.515516	4.326912	0.520832	1.362176	6.209920
0	65.615846	4.366976	0.520832	1.362176	6.249984
0	65.716176	4.366976	0.520832	1.362176	6.249984
0	65.816506	4.366976	0.520832	1.362176	6.249984
0	65.916836	4.366976	0.520832	1.362176	6.249984
0	66.017166	4.366976	0.520832	1.362176	6.249984
0	66.117496	4.366976	0.520832	1.362176	6.249984
0	66.217826	4.366976	0.520832	1.362176	6.249984
0	66.318157	4.366976	0.520832	1.362176	6.249984
0	66.418487	4.366976	0.520832	1.362176	6.249984
0	66.518817	4.366976	0.520832	1.362176	6.249984
0	66.619147	4.366976	0.520832	1.362176	6.249984
0	66.719477	4.366976	0.520832	1.362176	6.249984
0	66.819807	4.366976	0.520832	1.362176	6.249984
0	66.920137	4.366976	0.520832	1.362176	6.249984
0	67.020467	4.366976	0.520832	1.362176	6.249984
0	67.120797	4.366976	0.520832	1.362176	6.249984
0	67.221127	4.366976	0.520832	1.362176	6.249984
0	67.321457	4.366976	0.520832	1.362176	6.249984
0	67.421787	4.326912	0.520832	1.362176	6.209920
0	67.522117	4.326912	0.520832	1.362176	6.209920
0	67.622447	4.326912	0.520832	1.362176	6.209920
0	67.722777	4.326912	0.520832	1.362176	6.209920
0	67.823107	4.326912	0.520832	1.362176	6.209920
0	67.923437	4.326912	0.520832	1.362176	6.209920
0	68.023767	4.326912	0.520832	1.362176	6.209920
0	68.124097	4.326912	0.520832	1.362176	6.209920
0	68.224427	4.326912	0.520832	1.362176	6.209920
0	68.324757	4.326912	0.520832	1.362176	6.209920
0	68.425087	4.326912	0.520832	1.362176	6.209920
0	68.525417	4.326912	0.520832	1.362176	6.209920
0	68.625747	4.326912	0.520832	1.362176	6.209920
0	68.726077	4.326912	0.520832	1.362176	6.209920
0	68.826408	4.326912	0.520832	1.362176	6.209920
0	68.926738	4.326912	0.520832	1.362176	6.209920
0	69.027068	4.326912	0.520832	1.362176	6.209920
0	69.127398	4.326912	0.520832	1.362176	6.209920
0	69.227728	4.326912	0.520832	1.362176	6.209920
0	69.328058	4.366976	0.520832	1.362176	6.249984
0	69.428388	4.407040	0.520832	1.362176	6.290048
0	69.528718	4.407040	0.520832	1.362176	6.290048
0	69.629048	4.447104	0.520832	1.362176	6.330112
0	69.729378	4.407040	0.520832	1.362176	6.290048
0	69.829708	4.407040	0.520832	1.362176	6.290048
0	69.930038	4.366976	0.520832	1.362176	6.249984
0	70.030368	4.366976	0.520832	1.362176	6.249984
0	70.130698	4.366976	0.520832	1.362176	6.249984
0	70.231028	4.366976	0.520832	1.362176	6.249984
0	70.331358	4.366976	0.520832	1.362176	6.249984
0	70.431688	4.326912	0.520832	1.362176	6.209920
0	70.532018	4.326912	0.520832	1.362176	6.209920
0	70.632348	4.326912	0.520832	1.362176	6.209920
0	70.732678	4.326912	0.520832	1.362176	6.209920
0	70.833008	4.326912	0.520832	1.362176	6.209920
0	70.933338	4.326912	0.520832	1.362176	6.209920
0	71.033668	4.326912	0.520832	1.362176	6.209920
0	71.133998	4.326912	0.520832	1.362176	6.209920
0	71.234328	4.326912	0.520832	1.362176	6.209920
0	71.334659	4.326912	0.520832	1.362176	6.209920
0	71.434989	4.326912	0.520832	1.362176	6.209920
0	71.535319	4.326912	0.520832	1.362176	6.209920
0	71.635649	4.326912	0.520832	1.362176	6.209920
0	71.735979	4.326912	0.520832	1.362176	6.209920
0	71.836309	4.326912	0.520832	1.362176	6.209920
0	71.936639	4.326912	0.520832	1.362176	6.209920
0	72.036969	4.326912	0.520832	1.362176	6.209920
0	72.137299	4.366976	0.520832	1.362176	6.249984
0	72.237629	4.366976	0.520832	1.362176	6.249984
0	72.337959	4.366976	0.520832	1.362176	6.249984
0	72.438289	4.366976	0.520832	1.362176	6.249984
0	72.538619	4.366976	0.520832	1.362176	6.249984
0	72.638949	4.366976	0.520832	1.362176	6.249984
0	72.739279	4.366976	0.520832	1.362176	6.249984
0	72.839609	4.366976	0.520832	1.362176	6.249984
0	72.939939	4.366976	0.520832	1.362176	6.249984
0	73.040269	4.366976	0.520832	1.362176	6.249984
0	73.140599	4.407040	0.520832	1.362176	6.290048
0	73.240929	4.407040	0.520832	1.362176	6.290048
0	73.341259	4.407040	0.520832	1.362176	6.290048
0	73.441589	4.366976	0.520832	1.362176	6.249984
0	73.541919	4.366976	0.520832	1.362176	6.249984
0	73.642249	4.366976	0.520832	1.362176	6.249984
0	73.742579	4.366976	0.520832	1.362176	6.249984
0	73.842910	4.366976	0.520832	1.362176	6.249984
0	73.943240	4.366976	0.520832	1.362176	6.249984
0	74.043570	4.366976	0.520832	1.362176	6.249984
0	74.143900	4.326912	0.520832	1.362176	6.209920
0	74.244230	4.326912	0.520832	1.362176	6.209920
0	74.344560	4.326912	0.520832	1.362176	6.209920
0	74.444890	4.326912	0.520832	1.362176	6.209920
0	74.545220	4.326912	0.520832	1.362176	6.209920
0	74.645550	4.326912	0.520832	1.362176	6.209920
0	74.745880	4.326912	0.520832	1.362176	6.209920
0	74.846210	4.326912	0.520832	1.362176	6.209920
0	74.946540	4.326912	0.520832	1.362176	6.209920
0	75.046870	4.326912	0.520832	1.362176	6.209920
0	75.147200	4.326912	0.520832	1.362176	6.209920
0	75.247530	4.326912	0.520832	1.362176	6.209920
0	75.347860	4.326912	0.520832	1.362176	6.209920
0	75.448190	4.326912	0.520832	1.362176	6.209920
0	75.548520	4.326912	0.520832	1.362176	6.209920
0	75.648850	4.326912	0.520832	1.362176	6.209920
0	75.749180	4.326912	0.520832	1.362176	6.209920
0	75.849510	4.326912	0.520832	1.362176	6.209920
0	75.949840	4.326912	0.520832	1.362176	6.209920
0	76.050170	4.326912	0.520832	1.362176	6.209920
0	76.150500	4.326912	0.520832	1.362176	6.209920
0	76.250830	4.326912	0.520832	1.362176	6.209920
0	76.351161	4.326912	0.520832	1.362176	6.209920
0	76.451491	4.326912	0.520832	1.362176	6.209920
0	76.551821	4.326912	0.520832	1.362176	6.209920
0	76.652151	4.326912	0.520832	1.362176	6.209920
0	76.752481	4.326912	0.520832	1.362176	6.209920
0	76.852811	4.326912	0.520832	1.362176	6.209920
0	76.953141	4.326912	0.520832	1.362176	6.209920
0	77.053471	4.326912	0.520832	1.362176	6.209920
0	77.153801	4.326912	0.520832	1.362176	6.209920
0	77.254131	4.326912	0.520832	1.362176	6.209920
0	77.354461	4.326912	0.520832	1.362176	6.209920
0	77.454791	4.326912	0.520832	1.362176	6.209920
0	77.555121	4.326912	0.520832	1.362176	6.209920
0	77.655451	4.326912	0.520832	1.362176	6.209920
0	77.755781	4.326912	0.520832	1.362176	6.209920
0	77.856111	4.326912	0.520832	1.362176	6.209920
0	77.956441	4.326912	0.520832	1.362176	6.209920
0	78.056771	4.326912	0.520832	1.362176	6.209920
0	78.157101	4.326912	0.520832	1.362176	6.209920
0	78.257431	4.326912	0.520832	1.362176	6.209920
0	78.357761	4.326912	0.520832	1.362176	6.209920
0	78.458091	4.366976	0.520832	1.362176	6.249984
0	78.558421	4.366976	0.520832	1.362176	6.249984
0	78.658751	4.366976	0.520832	1.362176	6.249984
0	78.759081	4.366976	0.520832	1.362176	6.249984
0	78.859412	4.366976	0.520832	1.362176	6.249984
0	78.959742	4.366976	0.520832	1.362176	6.249984
0	79.060072	4.366976	0.520832	1.362176	6.249984
0	79.160402	4.366976	0.520832	1.362176	6.249984
0	79.260732	4.366976	0.520832	1.362176	6.249984
0	79.361062	4.366976	0.520832	1.362176	6.249984
0	79.461392	4.366976	0.520832	1.362176	6.249984
0	79.561722	4.407040	0.520832	1.362176	6.290048
0	79.662052	4.407040	0.520832	1.362176	6.290048
0	79.762382	4.407040	0.520832	1.362176	6.290048
0	79.862712	4.366976	0.520832	1.362176	6.249984
0	79.963042	4.366976	0.520832	1.362176	6.249984
0	80.063372	4.366976	0.520832	1.362176	6.249984
0	80.163702	4.366976	0.520832	1.362176	6.249984
0	80.264032	4.326912	0.520832	1.362176	6.209920
0	80.364362	4.326912	0.520832	1.362176	6.209920
0	80.464692	4.326912	0.520832	1.362176	6.209920
0	80.565022	4.326912	0.520832	1.362176	6.209920
0	80.665352	4.326912	0.520832	1.362176	6.209920
0	80.765682	4.366976	0.520832	1.362176	6.249984
0	80.866012	4.407040	0.520832	1.362176	6.290048
0	80.966342	4.407040	0.520832	1.362176	6.290048
0	81.066672	4.447104	0.520832	1.362176	6.330112
0	81.167002	4.407040	0.520832	1.362176	6.290048
0	81.267332	4.407040	0.520832	1.362176	6.290048
0	81.367663	4.407040	0.520832	1.362176	6.290048
0	81.467993	4.366976	0.520832	1.362176	6.249984
0	81.568323	4.366976	0.520832	1.362176	6.249984
0	81.668653	4.366976	0.520832	1.362176	6.249984
0	81.768983	4.366976	0.520832	1.362176	6.249984
0	81.869313	4.366976	0.520832	1.362176	6.249984
0	81.969643	4.366976	0.520832	1.362176	6.249984
0	82.069973	4.366976	0.520832	1.362176	6.249984
0	82.170303	4.366976	0.520832	1.362176	6.249984
0	82.270633	4.366976	0.520832	1.362176	6.249984
0	82.370963	4.326912	0.520832	1.362176	6.209920
0	82.471293	4.326912	0.520832	1.362176	6.209920
0	82.571623	4.326912	0.520832	1.362176	6.209920
0	82.671953	4.326912	0.520832	1.362176	6.209920
0	82.772283	4.326912	0.520832	1.362176	6.209920
0	82.872613	4.326912	0.520832	1.362176	6.209920
0	82.972943	4.326912	0.520832	1.362176	6.209920
0	83.073273	4.326912	0.520832	1.362176	6.209920
0	83.173603	4.326912	0.520832	1.362176	6.209920
0	83.273933	4.326912	0.520832	1.362176	6.209920
0	83.374263	4.326912	0.520832	1.362176	6.209920
0	83.474593	4.326912	0.520832	1.362176	6.209920
0	83.574923	4.326912	0.520832	1.362176	6.209920
0	83.675253	4.326912	0.520832	1.362176	6.209920
0	83.775583	4.326912	0.520832	1.362176	6.209920
0	83.875914	4.326912	0.520832	1.362176	6.209920
0	83.976244	4.326912	0.520832	1.362176	6.209920
0	84.076574	4.326912	0.520832	1.362176	6.209920
0	84.176904	4.326912	0.520832	1.362176	6.209920
0	84.277234	4.326912	0.520832	1.362176	6.209920
0	84.377564	4.326912	0.520832	1.362176	6.209920
0	84.477894	4.326912	0.520832	1.362176	6.209920
0	84.578224	4.326912	0.520832	1.362176	6.209920
0	84.678554	4.326912	0.520832	1.362176	6.209920
0	84.778884	4.326912	0.520832	1.362176	6.209920
0	84.879214	4.366976	0.520832	1.362176	6.249984
0	84.979544	4.366976	0.520832	1.362176	6.249984
0	85.079874	4.366976	0.520832	1.362176	6.249984
0	85.180204	4.366976	0.520832	1.362176	6.249984
0	85.280534	4.366976	0.520832	1.362176	6.249984
0	85.380864	4.366976	0.520832	1.362176	6.249984
0	85.481194	4.366976	0.520832	1.362176	6.249984
0	85.581524	4.366976	0.520832	1.362176	6.249984
0	85.681854	4.366976	0.520832	1.362176	6.249984
0	85.782184	4.366976	0.520832	1.362176	6.249984
0	85.882514	4.366976	0.520832	1.362176	6.249984
0	85.982844	4.407040	0.520832	1.362176	6.290048
0	86.083174	4.407040	0.520832	1.362176	6.290048
0	86.183504	4.366976	0.520832	1.362176	6.249984
0	86.283834	4.366976	0.520832	1.362176	6.249984
0	86.384165	4.366976	0.520832	1.362176	6.249984
0	86.484495	4.366976	0.520832	1.362176	6.249984
0	86.584825	4.366976	0.520832	1.362176	6.249984
0	86.685155	4.326912	0.520832	1.362176	6.209920
0	86.785485	4.326912	0.520832	1.362176	6.209920
0	86.885815	4.326912	0.520832	1.362176	6.209920
0	86.986145	4.326912	0.520832	1.362176	6.209920
0	87.086475	4.326912	0.520832	1.362176	6.209920
0	87.186805	4.326912	0.520832	1.362176	6.209920
0	87.287135	4.326912	0.520832	1.362176	6.209920
0	87.387465	4.326912	0.520832	1.362176	6.209920
0	87.487795	4.326912	0.520832	1.362176	6.209920
0	87.588125	4.326912	0.520832	1.362176	6.209920
0	87.688455	4.326912	0.520832	1.362176	6.209920
0	87.788785	4.326912	0.520832	1.362176	6.209920
0	87.889115	4.326912	0.520832	1.362176	6.209920
0	87.989445	4.326912	0.520832	1.362176	6.209920
0	88.089775	4.326912	0.520832	1.362176	6.209920
0	88.190105	4.326912	0.520832	1.362176	6.209920
0	88.290435	4.326912	0.520832	1.362176	6.209920
0	88.390765	4.326912	0.520832	1.362176	6.209920
0	88.491095	4.326912	0.520832	1.362176	6.209920
0	88.591425	4.326912	0.520832	1.362176	6.209920
0	88.691755	4.326912	0.520832	1.362176	6.209920
0	88.792085	4.326912	0.520832	1.362176	6.209920
0	88.892416	4.326912	0.520832	1.362176	6.209920
0	88.992746	4.326912	0.520832	1.362176	6.209920
0	89.093076	4.326912	0.520832	1.362176	6.209920
0	89.193406	4.326912	0.520832	1.362176	6.209920
0	89.293736	4.326912	0.520832	1.362176	6.209920
0	89.394066	4.326912	0.520832	1.362176	6.209920
0	89.494396	4.326912	0.520832	1.362176	6.209920
0	89.594726	4.326912	0.520832	1.362176	6.209920
0	89.695056	4.326912	0.520832	1.362176	6.209920
0	89.795386	4.326912	0.520832	1.362176	6.209920
0	89.895716	4.326912	0.520832	1.362176	6.209920
0	89.996046	4.326912	0.520832	1.362176	6.209920
0	90.096376	4.326912	0.520832	1.362176	6.209920
0	90.196706	4.326912	0.520832	1.362176	6.209920
0	90.297036	4.326912	0.520832	1.362176	6.209920
0	90.397366	4.326912	0.520832	1.362176	6.209920
0	90.497696	4.326912	0.520832	1.362176	6.209920
0	90.598026	4.326912	0.520832	1.362176	6.209920
0	90.698356	4.326912	0.520832	1.362176	6.209920
0	90.798686	4.326912	0.520832	1.362176	6.209920
0	90.899016	4.326912	0.520832	1.362176	6.209920
0	90.999346	4.326912	0.520832	1.362176	6.209920
0	91.099676	4.326912	0.520832	1.362176	6.209920
0	91.200006	4.326912	0.520832	1.362176	6.209920
0	91.300336	4.366976	0.520832	1.362176	6.249984
0	91.400667	4.366976	0.520832	1.362176	6.249984
0	91.500997	4.366976	0.520832	1.362176	6.249984
0	91.601327	4.366976	0.520832	1.362176	6.249984
0	91.701657	4.366976	0.520832	1.362176	6.249984
0	91.801987	4.366976	0.520832	1.362176	6.249984
0	91.902317	4.366976	0.520832	1.362176	6.249984
0	92.002647	4.366976	0.520832	1.362176	6.249984
0	92.102977	4.366976	0.520832	1.362176	6.249984
0	92.203307	4.407040	0.520832	1.362176	6.290048
0	92.303637	4.447104	0.520832	1.362176	6.330112
0	92.403967	4.447104	0.520832	1.402240	6.370176
0	92.504297	4.487168	0.520832	1.402240	6.410240
0	92.604627	4.447104	0.520832	1.402240	6.370176
0	92.704957	4.447104	0.520832	1.362176	6.330112
0	92.805287	4.407040	0.520832	1.362176	6.290048
0	92.905617	4.407040	0.520832	1.362176	6.290048
0	93.005947	4.366976	0.520832	1.362176	6.249984
0	93.106277	4.366976	0.520832	1.362176	6.249984
0	93.206607	4.366976	0.520832	1.362176	6.249984
0	93.306937	4.366976	0.520832	1.362176	6.249984
0	93.407267	4.366976	0.520832	1.362176	6.249984
0	93.507597	4.326912	0.520832	1.362176	6.209920
0	93.607927	4.326912	0.520832	1.362176	6.209920
0	93.708257	4.326912	0.520832	1.362176	6.209920
0	93.808587	4.326912	0.520832	1.362176	6.209920
0	93.908918	4.326912	0.520832	1.362176	6.209920
0	94.009248	4.326912	0.520832	1.362176	6.209920
0	94.109578	4.326912	0.520832	1.362176	6.209920
0	94.209908	4.326912	0.520832	1.362176	6.209920
0	94.310238	4.326912	0.520832	1.362176	6.209920
0	94.410568	4.326912	0.520832	1.362176	6.209920
0	94.510898	4.326912	0.520832	1.362176	6.209920
0	94.611228	4.326912	0.520832	1.362176	6.209920
0	94.711558	4.326912	0.520832	1.362176	6.209920
0	94.811888	4.326912	0.520832	1.362176	6.209920
0	94.912218	4.326912	0.520832	1.362176	6.209920
0	95.012548	4.326912	0.520832	1.362176	6.209920
0	95.112878	4.326912	0.520832	1.362176	6.209920
0	95.213208	4.326912	0.520832	1.362176	6.209920
0	95.313538	4.326912	0.520832	1.362176	6.209920
0	95.413868	4.326912	0.520832	1.362176	6.209920
0	95.514198	4.326912	0.520832	1.362176	6.209920
0	95.614528	4.326912	0.520832	1.362176	6.209920
0	95.714858	4.326912	0.520832	1.362176	6.209920
0	95.815188	4.326912	0.520832	1.362176	6.209920
0	95.915518	4.326912	0.520832	1.362176	6.209920
0	96.015848	4.326912	0.520832	1.362176	6.209920
0	96.116178	4.326912	0.520832	1.362176	6.209920
0	96.216508	4.326912	0.520832	1.362176	6.209920
0	96.316838	4.326912	0.520832	1.362176	6.209920
0	96.417169	4.326912	0.520832	1.362176	6.209920
0	96.517499	4.326912	0.520832	1.362176	6.209920
0	96.617829	4.326912	0.520832	1.362176	6.209920
0	96.718159	4.326912	0.520832	1.362176	6.209920
0	96.818489	4.326912	0.520832	1.362176	6.209920
0	96.918819	4.326912	0.520832	1.362176	6.209920
0	97.019149	4.326912	0.520832	1.362176	6.209920
0	97.119479	4.326912	0.520832	1.362176	6.209920
0	97.219809	4.326912	0.520832	1.362176	6.209920
0	97.320139	4.326912	0.520832	1.362176	6.209920
0	97.420469	4.326912	0.520832	1.362176	6.209920
0	97.520799	4.326912	0.520832	1.362176	6.209920
0	97.621129	4.366976	0.520832	1.362176	6.249984
0	97.721459	4.366976	0.520832	1.362176	6.249984
0	97.821789	4.366976	0.520832	1.362176	6.249984
0	97.922119	4.366976	0.520832	1.362176	6.249984
0	98.022449	4.366976	0.520832	1.362176	6.249984
0	98.122779	4.366976	0.520832	1.362176	6.249984
0	98.223109	4.366976	0.520832	1.362176	6.249984
0	98.323439	4.407040	0.520832	1.362176	6.290048
0	98.423769	4.366976	0.520832	1.362176	6.249984
0	98.524099	4.407040	0.520832	1.362176	6.290048
0	98.624429	4.407040	0.520832	1.362176	6.290048
0	98.724759	4.407040	0.520832	1.362176	6.290048
0	98.825089	4.407040	0.520832	1.362176	6.290048
0	98.925420	4.407040	0.520832	1.362176	6.290048
0	99.025750	4.366976	0.520832	1.362176	6.249984
0	99.126080	4.366976	0.520832	1.362176	6.249984
0	99.226410	4.366976	0.520832	1.362176	6.249984
0	99.326740	4.366976	0.520832	1.362176	6.249984
0	99.427070	4.366976	0.520832	1.362176	6.249984
0	99.527400	4.326912	0.520832	1.362176	6.209920
0	99.627730	4.326912	0.520832	1.362176	6.209920
0	99.728060	4.326912	0.520832	1.362176	6.209920
0	99.828390	4.326912	0.520832	1.362176	6.209920
0	99.928720	4.326912	0.520832	1.362176	6.209920
0	100.029050	4.326912	0.520832	1.362176	6.209920
0	100.129380	4.326912	0.520832	1.362176	6.209920
0	100.229710	4.326912	0.520832	1.362176	6.209920
0	100.330040	4.326912	0.520832	1.362176	6.209920
0	100.430370	4.326912	0.520832	1.362176	6.209920
0	100.530700	4.326912	0.520832	1.362176	6.209920
0	100.631030	4.326912	0.520832	1.362176	6.209920
0	100.731360	4.326912	0.520832	1.362176	6.209920
0	100.831690	4.326912	0.520832	1.362176	6.209920
0	100.932020	4.326912	0.520832	1.362176	6.209920
0	101.032350	4.326912	0.520832	1.362176	6.209920
0	101.132680	4.326912	0.520832	1.362176	6.209920
0	101.233010	4.326912	0.520832	1.362176	6.209920
0	101.333340	4.326912	0.520832	1.362176	6.209920
0	101.433671	4.326912	0.520832	1.362176	6.209920
0	101.534001	4.326912	0.520832	1.362176	6.209920
0	101.634331	4.326912	0.520832	1.362176	6.209920
0	101.734661	4.326912	0.520832	1.362176	6.209920
0	101.834991	4.326912	0.520832	1.362176	6.209920
0	101.935321	4.326912	0.520832	1.362176	6.209920
0	102.035651	4.326912	0.520832	1.362176	6.209920
0	102.135981	4.326912	0.520832	1.362176	6.209920
0	102.236311	4.326912	0.520832	1.362176	6.209920
0	102.336641	4.326912	0.520832	1.362176	6.209920
0	102.436971	4.326912	0.520832	1.362176	6.209920
0	102.537301	4.326912	0.520832	1.362176	6.209920
0	102.637631	4.326912	0.520832	1.362176	6.209920
0	102.737961	4.326912	0.520832	1.362176	6.209920
0	102.838291	4.326912	0.520832	1.362176	6.209920
0	102.938621	4.326912	0.520832	1.362176	6.209920
0	103.038951	4.326912	0.520832	1.362176	6.209920
0	103.139281	4.326912	0.520832	1.362176	6.209920
0	103.239611	4.366976	0.520832	1.362176	6.249984
0	103.339941	4.366976	0.520832	1.362176	6.249984
0	103.440271	4.326912	0.520832	1.362176	6.209920
0	103.540601	4.326912	0.520832	1.362176	6.209920
0	103.640931	4.326912	0.520832	1.362176	6.209920
0	103.741261	4.366976	0.520832	1.362176	6.249984
0	103.841591	4.407040	0.520832	1.362176	6.290048
0	103.941922	4.447104	0.520832	1.362176	6.330112
0	104.042252	4.447104	0.520832	1.362176	6.330112
0	104.142582	4.447104	0.520832	1.362176	6.330112
0	104.242912	4.447104	0.520832	1.362176	6.330112
0	104.343242	4.407040	0.520832	1.362176	6.290048
0	104.443572	4.407040	0.520832	1.362176	6.290048
0	104.543902	4.407040	0.520832	1.362176	6.290048
0	104.644232	4.407040	0.520832	1.362176	6.290048
0	104.744562	4.407040	0.520832	1.362176	6.290048
0	104.844892	4.407040	0.520832	1.362176	6.290048
0	104.945222	4.407040	0.520832	1.362176	6.290048
0	105.045552	4.407040	0.520832	1.362176	6.290048
0	105.145882	4.407040	0.520832	1.362176	6.290048
0	105.246212	4.447104	0.520832	1.402240	6.370176
0	105.346542	4.407040	0.520832	1.362176	6.290048
0	105.446872	4.407040	0.520832	1.362176	6.290048
0	105.547202	4.366976	0.520832	1.362176	6.249984
0	105.647532	4.366976	0.520832	1.362176	6.249984
0	105.747862	4.366976	0.520832	1.362176	6.249984
0	105.848192	4.366976	0.520832	1.362176	6.249984
0	105.948522	4.366976	0.520832	1.362176	6.249984
0	106.048852	4.366976	0.520832	1.362176	6.249984
0	106.149182	4.366976	0.520832	1.362176	6.249984
0	106.249512	4.326912	0.520832	1.362176	6.209920
0	106.349842	4.326912	0.520832	1.362176	6.209920
0	106.450173	4.326912	0.520832	1.362176	6.209920
0	106.550503	4.326912	0.520832	1.362176	6.209920
0	106.650833	4.326912	0.520832	1.362176	6.209920
0	106.751163	4.326912	0.520832	1.362176	6.209920
0	106.851493	4.326912	0.520832	1.362176	6.209920
0	106.951823	4.326912	0.520832	1.362176	6.209920
0	107.052153	4.326912	0.520832	1.362176	6.209920
0	107.152483	4.326912	0.520832	1.362176	6.209920
0	107.252813	4.366976	0.520832	1.362176	6.249984
0	107.353143	4.407040	0.560896	1.362176	6.330112
0	107.453473	4.407040	0.560896	1.362176	6.330112
0	107.553803	4.407040	0.520832	1.362176	6.290048
0	107.654133	4.407040	0.520832	1.362176	6.290048
0	107.754463	4.366976	0.520832	1.362176	6.249984
0	107.854793	4.366976	0.520832	1.362176	6.249984
0	107.955123	4.366976	0.520832	1.362176	6.249984
0	108.055453	4.366976	0.520832	1.362176	6.249984
0	108.155783	4.366976	0.520832	1.362176	6.249984
0	108.256113	4.326912	0.520832	1.362176	6.209920
0	108.356443	4.326912	0.520832	1.362176	6.209920
0	108.456773	4.326912	0.520832	1.362176	6.209920
0	108.557103	4.326912	0.520832	1.362176	6.209920
0	108.657433	4.326912	0.520832	1.362176	6.209920
0	108.757763	4.326912	0.520832	1.362176	6.209920
0	108.858094	4.326912	0.520832	1.362176	6.209920
0	108.958424	4.326912	0.520832	1.362176	6.209920
0	109.058754	4.326912	0.520832	1.362176	6.209920
0	109.159084	4.326912	0.520832	1.362176	6.209920
0	109.259414	4.326912	0.520832	1.362176	6.209920
0	109.359744	4.326912	0.520832	1.362176	6.209920
0	109.460074	4.326912	0.520832	1.362176	6.209920
0	109.560404	4.326912	0.520832	1.362176	6.209920
0	109.660734	4.326912	0.520832	1.362176	6.209920
0	109.761064	4.326912	0.520832	1.362176	6.209920
0	109.861394	4.326912	0.520832	1.362176	6.209920
0	109.961724	4.326912	0.520832	1.362176	6.209920
0	110.062054	4.326912	0.520832	1.362176	6.209920
0	110.162384	4.326912	0.520832	1.362176	6.209920
0	110.262714	4.326912	0.520832	1.362176	6.209920
0	110.363044	4.326912	0.520832	1.362176	6.209920
0	110.463374	4.366976	0.520832	1.362176	6.249984
0	110.563704	4.366976	0.520832	1.362176	6.249984
0	110.664034	4.366976	0.520832	1.362176	6.249984
0	110.764364	4.366976	0.520832	1.362176	6.249984
0	110.864694	4.366976	0.520832	1.362176	6.249984
0	110.965024	4.366976	0.520832	1.362176	6.249984
0	111.065354	4.366976	0.520832	1.362176	6.249984
0	111.165684	4.366976	0.520832	1.362176	6.249984
0	111.266014	4.407040	0.520832	1.362176	6.290048
0	111.366345	4.407040	0.520832	1.362176	6.290048
0	111.466675	4.407040	0.520832	1.362176	6.290048
0	111.567005	4.407040	0.520832	1.362176	6.290048
0	111.667335	4.407040	0.520832	1.362176	6.290048
0	111.767665	4.366976	0.520832	1.362176	6.249984
0	111.867995	4.366976	0.520832	1.362176	6.249984
0	111.968325	4.366976	0.520832	1.362176	6.249984
0	112.068655	4.366976	0.520832	1.362176	6.249984
0	112.168985	4.366976	0.520832	1.362176	6.249984
0	112.269315	4.366976	0.520832	1.362176	6.249984
0	112.369645	4.326912	0.520832	1.362176	6.209920
0	112.469975	4.326912	0.520832	1.362176	6.209920
0	112.570305	4.326912	0.520832	1.362176	6.209920
0	112.670635	4.326912	0.520832	1.362176	6.209920
0	112.770965	4.326912	0.520832	1.362176	6.209920
0	112.871295	4.326912	0.520832	1.362176	6.209920
0	112.971625	4.326912	0.520832	1.362176	6.209920
0	113.071955	4.326912	0.520832	1.362176	6.209920
0	113.172285	4.326912	0.520832	1.362176	6.209920
0	113.272615	4.326912	0.520832	1.362176	6.209920
0	113.372945	4.326912	0.520832	1.362176	6.209920
0	113.473275	4.326912	0.520832	1.362176	6.209920
0	113.573605	4.326912	0.520832	1.362176	6.209920
0	113.673935	4.326912	0.520832	1.362176	6.209920
0	113.774265	4.326912	0.520832	1.362176	6.209920
0	113.874596	4.326912	0.520832	1.362176	6.209920
0	113.974926	4.326912	0.520832	1.362176	6.209920
0	114.075256	4.326912	0.520832	1.362176	6.209920
0	114.175586	4.326912	0.520832	1.362176	6.209920
0	114.275916	4.326912	0.520832	1.362176	6.209920
0	114.376246	4.326912	0.520832	1.362176	6.209920
0	114.476576	4.326912	0.520832	1.362176	6.209920
0	114.576906	4.326912	0.520832	1.362176	6.209920
0	114.677236	4.326912	0.520832	1.362176	6.209920
0	114.777566	4.326912	0.520832	1.362176	6.209920
0	114.877896	4.326912	0.520832	1.362176	6.209920
0	114.978226	4.326912	0.520832	1.362176	6.209920
