Set_id	Time	Line 0	Line 1	Line 2	Sum
0	0.000000	4.447104	0.520832	1.362176	6.330112
0	0.100307	4.447104	0.560896	1.362176	6.370176
0	0.200614	4.487168	0.560896	1.362176	6.410240
0	0.300920	4.487168	0.560896	1.362176	6.410240
0	0.401227	4.447104	0.560896	1.362176	6.370176
0	0.501534	4.447104	0.560896	1.362176	6.370176
0	0.601841	4.407040	0.520832	1.362176	6.290048
0	0.702147	4.407040	0.520832	1.362176	6.290048
0	0.802454	4.407040	0.520832	1.362176	6.290048
0	0.902761	4.366976	0.520832	1.362176	6.249984
0	1.003068	4.366976	0.520832	1.362176	6.249984
0	1.103375	4.366976	0.520832	1.362176	6.249984
0	1.203681	4.366976	0.520832	1.362176	6.249984
0	1.303988	4.366976	0.520832	1.362176	6.249984
0	1.404295	4.366976	0.520832	1.362176	6.249984
0	1.504602	4.366976	0.520832	1.362176	6.249984
0	1.604908	4.407040	0.520832	1.362176	6.290048
0	1.705215	4.407040	0.520832	1.362176	6.290048
0	1.805522	4.407040	0.520832	1.362176	6.290048
0	1.905829	4.407040	0.520832	1.362176	6.290048
0	2.006136	4.407040	0.520832	1.362176	6.290048
0	2.106442	4.407040	0.520832	1.362176	6.290048
0	2.206749	4.407040	0.520832	1.362176	6.290048
0	2.307056	4.407040	0.520832	1.362176	6.290048
0	2.407363	4.407040	0.520832	1.362176	6.290048
0	2.507670	4.407040	0.520832	1.362176	6.290048
0	2.607976	4.447104	0.520832	1.402240	6.370176
0	2.708283	4.407040	0.520832	1.362176	6.290048
0	2.808590	4.407040	0.520832	1.362176	6.290048
0	2.908897	4.407040	0.520832	1.362176	6.290048
0	3.009203	4.366976	0.520832	1.362176	6.249984
0	3.109510	4.366976	0.520832	1.362176	6.249984
0	3.209817	4.366976	0.520832	1.362176	6.249984
0	3.310124	4.366976	0.520832	1.362176	6.249984
0	3.410431	4.366976	0.520832	1.362176	6.249984
0	3.510737	4.366976	0.520832	1.362176	6.249984
0	3.611044	4.366976	0.520832	1.362176	6.249984
0	3.711351	4.366976	0.520832	1.362176	6.249984
0	3.811658	4.366976	0.520832	1.362176	6.249984
0	3.911964	4.366976	0.520832	1.362176	6.249984
0	4.012271	4.366976	0.520832	1.362176	6.249984
0	4.112578	4.366976	0.520832	1.362176	6.249984
0	4.212885	4.366976	0.520832	1.362176	6.249984
0	4.313192	4.366976	0.520832	1.362176	6.249984
0	4.413498	4.366976	0.520832	1.362176	6.249984
0	4.513805	4.366976	0.520832	1.362176	6.249984
0	4.614112	4.366976	0.520832	1.362176	6.249984
0	4.714419	4.366976	0.520832	1.362176	6.249984
0	4.814725	4.366976	0.520832	1.362176	6.249984
0	4.915032	4.366976	0.520832	1.362176	6.249984
0	5.015339	4.366976	0.520832	1.362176	6.249984
0	5.115646	4.366976	0.520832	1.362176	6.249984
0	5.215953	4.326912	0.520832	1.362176	6.209920
0	5.316259	4.326912	0.520832	1.362176	6.209920
0	5.416566	4.326912	0.520832	1.362176	6.209920
0	5.516873	4.366976	0.520832	1.362176	6.249984
0	5.617180	4.366976	0.520832	1.362176	6.249984
0	5.717487	4.366976	0.520832	1.362176	6.249984
0	5.817793	4.366976	0.520832	1.362176	6.249984
0	5.918100	4.366976	0.520832	1.362176	6.249984
0	6.018407	4.366976	0.520832	1.362176	6.249984
0	6.118714	4.366976	0.520832	1.362176	6.249984
0	6.219020	4.366976	0.520832	1.362176	6.249984
0	6.319327	4.366976	0.520832	1.362176	6.249984
0	6.419634	4.326912	0.520832	1.362176	6.209920
0	6.519941	4.366976	0.520832	1.362176	6.249984
0	6.620248	4.366976	0.520832	1.362176	6.249984
0	6.720554	4.366976	0.520832	1.362176	6.249984
0	6.820861	4.366976	0.520832	1.362176	6.249984
0	6.921168	4.366976	0.520832	1.362176	6.249984
0	7.021475	4.407040	0.520832	1.362176	6.290048
0	7.121781	4.447104	0.560896	1.362176	6.370176
0	7.222088	4.447104	0.560896	1.362176	6.370176
0	7.322395	4.447104	0.560896	1.362176	6.370176
0	7.422702	4.407040	0.560896	1.362176	6.330112
0	7.523009	4.407040	0.520832	1.362176	6.290048
0	7.623315	4.407040	0.520832	1.362176	6.290048
0	7.723622	4.366976	0.520832	1.362176	6.249984
0	7.823929	4.407040	0.520832	1.362176	6.290048
0	7.924236	4.407040	0.520832	1.362176	6.290048
0	8.024542	4.407040	0.520832	1.362176	6.290048
0	8.124849	4.407040	0.520832	1.362176	6.290048
0	8.225156	4.407040	0.520832	1.362176	6.290048
0	8.325463	4.407040	0.520832	1.362176	6.290048
0	8.425770	4.407040	0.520832	1.362176	6.290048
0	8.526076	4.407040	0.520832	1.362176	6.290048
0	8.626383	4.407040	0.520832	1.362176	6.290048
0	8.726690	4.407040	0.520832	1.362176	6.290048
0	8.826997	4.407040	0.520832	1.362176	6.290048
0	8.927303	4.407040	0.520832	1.362176	6.290048
0	9.027610	4.407040	0.520832	1.362176	6.290048
0	9.127917	4.407040	0.520832	1.362176	6.290048
0	9.228224	4.366976	0.520832	1.362176	6.249984
0	9.328531	4.366976	0.520832	1.362176	6.249984
0	9.428837	4.366976	0.520832	1.362176	6.249984
0	9.529144	4.366976	0.520832	1.362176	6.249984
0	9.629451	4.366976	0.520832	1.362176	6.249984
0	9.729758	4.366976	0.520832	1.362176	6.249984
0	9.830065	4.366976	0.520832	1.362176	6.249984
0	9.930371	4.366976	0.520832	1.362176	6.249984
0	10.030678	4.366976	0.520832	1.362176	6.249984
0	10.130985	4.366976	0.520832	1.362176	6.249984
0	10.231292	4.366976	0.520832	1.362176	6.249984
0	10.331598	4.366976	0.520832	1.362176	6.249984
0	10.431905	4.366976	0.520832	1.362176	6.249984
0	10.532212	4.366976	0.520832	1.362176	6.249984
0	10.632519	4.366976	0.520832	1.362176	6.249984
0	10.732826	4.366976	0.520832	1.362176	6.249984
0	10.833132	4.366976	0.520832	1.362176	6.249984
0	10.933439	4.366976	0.520832	1.362176	6.249984
0	11.033746	4.366976	0.520832	1.362176	6.249984
0	11.134053	4.366976	0.520832	1.362176	6.249984
0	11.234359	4.366976	0.520832	1.362176	6.249984
0	11.334666	4.366976	0.520832	1.362176	6.249984
0	11.434973	4.366976	0.520832	1.362176	6.249984
0	11.535280	4.366976	0.520832	1.362176	6.249984
0	11.635587	4.326912	0.520832	1.362176	6.209920
0	11.735893	4.326912	0.520832	1.362176	6.209920
0	11.836200	4.326912	0.520832	1.362176	6.209920
0	11.936507	4.326912	0.520832	1.362176	6.209920
0	12.036814	4.326912	0.520832	1.362176	6.209920
0	12.137120	4.326912	0.520832	1.362176	6.209920
0	12.237427	4.326912	0.520832	1.362176	6.209920
0	12.337734	4.326912	0.520832	1.362176	6.209920
0	12.438041	4.326912	0.520832	1.362176	6.209920
0	12.538348	4.326912	0.520832	1.362176	6.209920
0	12.638654	4.326912	0.520832	1.362176	6.209920
0	12.738961	4.326912	0.520832	1.362176	6.209920
0	12.839268	4.326912	0.520832	1.362176	6.209920
0	12.939575	4.326912	0.520832	1.362176	6.209920
0	13.039881	4.326912	0.520832	1.362176	6.209920
0	13.140188	4.326912	0.520832	1.362176	6.209920
0	13.240495	4.326912	0.520832	1.362176	6.209920
0	13.340802	4.326912	0.520832	1.362176	6.209920
0	13.441109	4.326912	0.520832	1.362176	6.209920
0	13.541415	4.326912	0.520832	1.362176	6.209920
0	13.641722	4.326912	0.520832	1.362176	6.209920
0	13.742029	4.326912	0.520832	1.362176	6.209920
0	13.842336	4.366976	0.520832	1.362176	6.249984
0	13.942643	4.407040	0.520832	1.362176	6.290048
0	14.042949	4.447104	0.560896	1.362176	6.370176
0	14.143256	4.447104	0.560896	1.362176	6.370176
0	14.243563	4.447104	0.520832	1.362176	6.330112
0	14.343870	4.447104	0.520832	1.362176	6.330112
0	14.444176	4.447104	0.520832	1.362176	6.330112
0	14.544483	4.447104	0.520832	1.362176	6.330112
0	14.644790	4.407040	0.520832	1.362176	6.290048
0	14.745097	4.407040	0.520832	1.362176	6.290048
0	14.845404	4.407040	0.520832	1.362176	6.290048
0	14.945710	4.407040	0.520832	1.362176	6.290048
0	15.046017	4.407040	0.520832	1.362176	6.290048
0	15.146324	4.407040	0.520832	1.362176	6.290048
0	15.246631	4.407040	0.520832	1.362176	6.290048
0	15.346937	4.366976	0.520832	1.362176	6.249984
0	15.447244	4.366976	0.520832	1.362176	6.249984
0	15.547551	4.366976	0.520832	1.362176	6.249984
0	15.647858	4.366976	0.520832	1.362176	6.249984
0	15.748165	4.366976	0.520832	1.362176	6.249984
0	15.848471	4.366976	0.520832	1.362176	6.249984
0	15.948778	4.366976	0.520832	1.362176	6.249984
0	16.049085	4.366976	0.520832	1.362176	6.249984
0	16.149392	4.366976	0.520832	1.362176	6.249984
0	16.249698	4.366976	0.520832	1.362176	6.249984
0	16.350005	4.366976	0.520832	1.362176	6.249984
0	16.450312	4.366976	0.520832	1.362176	6.249984
0	16.550619	4.366976	0.520832	1.362176	6.249984
0	16.650926	4.366976	0.520832	1.362176	6.249984
0	16.751232	4.366976	0.520832	1.362176	6.249984
0	16.851539	4.366976	0.520832	1.362176	6.249984
0	16.951846	4.366976	0.520832	1.362176	6.249984
0	17.052153	4.366976	0.520832	1.362176	6.249984
0	17.152460	4.366976	0.520832	1.362176	6.249984
0	17.252766	4.366976	0.520832	1.362176	6.249984
0	17.353073	4.366976	0.520832	1.362176	6.249984
0	17.453380	4.366976	0.520832	1.362176	6.249984
0	17.553687	4.366976	0.520832	1.362176	6.249984
0	17.653993	4.366976	0.520832	1.362176	6.249984
0	17.754300	4.366976	0.520832	1.362176	6.249984
0	17.854607	4.366976	0.520832	1.362176	6.249984
0	17.954914	4.366976	0.520832	1.362176	6.249984
0	18.055221	4.366976	0.520832	1.362176	6.249984
0	18.155527	4.366976	0.520832	1.362176	6.249984
0	18.255834	4.366976	0.520832	1.362176	6.249984
0	18.356141	4.366976	0.520832	1.362176	6.249984
0	18.456448	4.366976	0.520832	1.362176	6.249984
0	18.556754	4.366976	0.520832	1.362176	6.249984
0	18.657061	4.366976	0.520832	1.362176	6.249984
0	18.757368	4.366976	0.520832	1.362176	6.249984
0	18.857675	4.366976	0.520832	1.362176	6.249984
0	18.957982	4.366976	0.520832	1.362176	6.249984
0	19.058288	4.366976	0.520832	1.362176	6.249984
0	19.158595	4.366976	0.520832	1.362176	6.249984
0	19.258902	4.326912	0.520832	1.362176	6.209920
0	19.359209	4.366976	0.520832	1.362176	6.249984
0	19.459515	4.326912	0.520832	1.362176	6.209920
0	19.559822	4.326912	0.520832	1.362176	6.209920
0	19.660129	4.326912	0.520832	1.362176	6.209920
0	19.760436	4.326912	0.520832	1.362176	6.209920
0	19.860743	4.326912	0.520832	1.362176	6.209920
0	19.961049	4.326912	0.520832	1.362176	6.209920
0	20.061356	4.326912	0.520832	1.362176	6.209920
0	20.161663	4.366976	0.520832	1.362176	6.249984
0	20.261970	4.366976	0.520832	1.362176	6.249984
0	20.362276	4.366976	0.520832	1.362176	6.249984
0	20.462583	4.366976	0.520832	1.362176	6.249984
0	20.562890	4.407040	0.520832	1.362176	6.290048
0	20.663197	4.407040	0.520832	1.362176	6.290048
0	20.763504	4.447104	0.520832	1.362176	6.330112
0	20.863810	4.487168	0.560896	1.362176	6.410240
0	20.964117	4.487168	0.560896	1.402240	6.450304
0	21.064424	4.487168	0.560896	1.402240	6.450304
0	21.164731	4.487168	0.560896	1.362176	6.410240
0	21.265038	4.447104	0.520832	1.362176	6.330112
0	21.365344	4.447104	0.520832	1.362176	6.330112
0	21.465651	4.407040	0.520832	1.362176	6.290048
0	21.565958	4.407040	0.520832	1.362176	6.290048
0	21.666265	4.407040	0.520832	1.362176	6.290048
0	21.766571	4.366976	0.520832	1.362176	6.249984
0	21.866878	4.366976	0.520832	1.362176	6.249984
0	21.967185	4.366976	0.520832	1.362176	6.249984
0	22.067492	4.366976	0.520832	1.362176	6.249984
0	22.167799	4.366976	0.520832	1.362176	6.249984
0	22.268105	4.366976	0.520832	1.362176	6.249984
0	22.368412	4.366976	0.520832	1.362176	6.249984
0	22.468719	4.366976	0.520832	1.362176	6.249984
0	22.569026	4.366976	0.520832	1.362176	6.249984
0	22.669332	4.366976	0.520832	1.362176	6.249984
0	22.769639	4.366976	0.520832	1.362176	6.249984
0	22.869946	4.366976	0.520832	1.362176	6.249984
0	22.970253	4.366976	0.520832	1.362176	6.249984
0	23.070560	4.326912	0.520832	1.362176	6.209920
0	23.170866	4.326912	0.520832	1.362176	6.209920
0	23.271173	4.326912	0.520832	1.362176	6.209920
0	23.371480	4.326912	0.520832	1.362176	6.209920
0	23.471787	4.326912	0.520832	1.362176	6.209920
0	23.572093	4.326912	0.520832	1.362176	6.209920
0	23.672400	4.326912	0.520832	1.362176	6.209920
0	23.772707	4.326912	0.520832	1.362176	6.209920
0	23.873014	4.326912	0.520832	1.362176	6.209920
0	23.973321	4.326912	0.520832	1.362176	6.209920
0	24.073627	4.326912	0.520832	1.362176	6.209920
0	24.173934	4.326912	0.520832	1.362176	6.209920
0	24.274241	4.326912	0.520832	1.362176	6.209920
0	24.374548	4.326912	0.520832	1.362176	6.209920
0	24.474854	4.326912	0.520832	1.362176	6.209920
0	24.575161	4.326912	0.520832	1.362176	6.209920
0	24.675468	4.326912	0.520832	1.362176	6.209920
0	24.775775	4.326912	0.520832	1.362176	6.209920
0	24.876082	4.326912	0.520832	1.362176	6.209920
0	24.976388	4.326912	0.520832	1.362176	6.209920
0	25.076695	4.326912	0.520832	1.362176	6.209920
0	25.177002	4.326912	0.520832	1.362176	6.209920
0	25.277309	4.326912	0.520832	1.362176	6.209920
0	25.377616	4.326912	0.520832	1.362176	6.209920
0	25.477922	4.326912	0.520832	1.362176	6.209920
0	25.578229	4.366976	0.520832	1.362176	6.249984
0	25.678536	4.326912	0.520832	1.362176	6.209920
0	25.778843	4.326912	0.520832	1.362176	6.209920
0	25.879149	4.326912	0.520832	1.362176	6.209920
0	25.979456	4.326912	0.520832	1.362176	6.209920
0	26.079763	4.326912	0.520832	1.362176	6.209920
0	26.180070	4.326912	0.520832	1.362176	6.209920
0	26.280377	4.366976	0.520832	1.362176	6.249984
0	26.380683	4.366976	0.520832	1.362176	6.249984
0	26.480990	4.366976	0.520832	1.362176	6.249984
0	26.581297	4.407040	0.520832	1.362176	6.290048
0	26.681604	4.407040	0.520832	1.362176	6.290048
0	26.781910	4.407040	0.520832	1.362176	6.290048
0	26.882217	4.407040	0.520832	1.362176	6.290048
0	26.982524	4.407040	0.520832	1.362176	6.290048
0	27.082831	4.407040	0.520832	1.362176	6.290048
0	27.183138	4.407040	0.520832	1.362176	6.290048
0	27.283444	4.407040	0.520832	1.362176	6.290048
0	27.383751	4.407040	0.520832	1.362176	6.290048
0	27.484058	4.407040	0.520832	1.362176	6.290048
0	27.584365	4.407040	0.520832	1.362176	6.290048
0	27.684671	4.447104	0.560896	1.362176	6.370176
0	27.784978	4.447104	0.560896	1.362176	6.370176
0	27.885285	4.447104	0.560896	1.362176	6.370176
0	27.985592	4.447104	0.560896	1.362176	6.370176
0	28.085899	4.407040	0.560896	1.362176	6.330112
0	28.186205	4.407040	0.520832	1.362176	6.290048
0	28.286512	4.407040	0.520832	1.362176	6.290048
0	28.386819	4.407040	0.520832	1.362176	6.290048
0	28.487126	4.366976	0.520832	1.362176	6.249984
0	28.587433	4.366976	0.520832	1.362176	6.249984
0	28.687739	4.366976	0.520832	1.362176	6.249984
0	28.788046	4.366976	0.520832	1.362176	6.249984
0	28.888353	4.366976	0.520832	1.362176	6.249984
0	28.988660	4.366976	0.520832	1.362176	6.249984
0	29.088966	4.366976	0.520832	1.362176	6.249984
0	29.189273	4.366976	0.520832	1.362176	6.249984
0	29.289580	4.366976	0.520832	1.362176	6.249984
0	29.389887	4.366976	0.520832	1.362176	6.249984
0	29.490194	4.366976	0.520832	1.362176	6.249984
0	29.590500	4.366976	0.520832	1.362176	6.249984
0	29.690807	4.366976	0.520832	1.362176	6.249984
0	29.791114	4.366976	0.520832	1.362176	6.249984
0	29.891421	4.366976	0.520832	1.362176	6.249984
0	29.991727	4.366976	0.520832	1.362176	6.249984
0	30.092034	4.366976	0.520832	1.362176	6.249984
0	30.192341	4.366976	0.520832	1.362176	6.249984
0	30.292648	4.366976	0.520832	1.362176	6.249984
0	30.392955	4.366976	0.520832	1.362176	6.249984
0	30.493261	4.366976	0.520832	1.362176	6.249984
0	30.593568	4.366976	0.520832	1.362176	6.249984
0	30.693875	4.366976	0.520832	1.362176	6.249984
0	30.794182	4.366976	0.520832	1.362176	6.249984
0	30.894488	4.366976	0.520832	1.362176	6.249984
0	30.994795	4.366976	0.520832	1.362176	6.249984
0	31.095102	4.366976	0.520832	1.362176	6.249984
0	31.195409	4.366976	0.520832	1.362176	6.249984
0	31.295716	4.366976	0.520832	1.362176	6.249984
0	31.396022	4.366976	0.520832	1.362176	6.249984
0	31.496329	4.366976	0.520832	1.362176	6.249984
0	31.596636	4.366976	0.520832	1.362176	6.249984
0	31.696943	4.366976	0.520832	1.362176	6.249984
0	31.797249	4.366976	0.520832	1.362176	6.249984
0	31.897556	4.366976	0.520832	1.362176	6.249984
0	31.997863	4.366976	0.520832	1.362176	6.249984
0	32.098170	4.366976	0.520832	1.362176	6.249984
0	32.198477	4.366976	0.520832	1.362176	6.249984
0	32.298783	4.366976	0.520832	1.362176	6.249984
0	32.399090	4.366976	0.520832	1.362176	6.249984
0	32.499397	4.366976	0.520832	1.362176	6.249984
0	32.599704	4.366976	0.520832	1.362176	6.249984
0	32.700011	4.407040	0.520832	1.362176	6.290048
0	32.800317	4.407040	0.520832	1.362176	6.290048
0	32.900624	4.407040	0.520832	1.362176	6.290048
0	33.000931	4.407040	0.520832	1.362176	6.290048
0	33.101238	4.407040	0.520832	1.362176	6.290048
0	33.201544	4.407040	0.520832	1.362176	6.290048
0	33.301851	4.407040	0.520832	1.362176	6.290048
0	33.402158	4.407040	0.520832	1.362176	6.290048
0	33.502465	4.407040	0.520832	1.362176	6.290048
0	33.602772	4.407040	0.520832	1.362176	6.290048
0	33.703078	4.407040	0.520832	1.362176	6.290048
0	33.803385	4.407040	0.520832	1.362176	6.290048
0	33.903692	4.366976	0.520832	1.362176	6.249984
0	34.003999	4.366976	0.520832	1.362176	6.249984
0	34.104305	4.366976	0.520832	1.362176	6.249984
0	34.204612	4.366976	0.520832	1.362176	6.249984
0	34.304919	4.366976	0.520832	1.362176	6.249984
0	34.405226	4.366976	0.520832	1.362176	6.249984
0	34.505533	4.407040	0.520832	1.362176	6.290048
0	34.605839	4.447104	0.560896	1.362176	6.370176
0	34.706146	4.447104	0.560896	1.362176	6.370176
0	34.806453	4.447104	0.520832	1.362176	6.330112
0	34.906760	4.407040	0.520832	1.362176	6.290048
0	35.007066	4.407040	0.520832	1.362176	6.290048
0	35.107373	4.407040	0.520832	1.362176	6.290048
0	35.207680	4.366976	0.520832	1.362176	6.249984
0	35.307987	4.366976	0.520832	1.362176	6.249984
0	35.408294	4.366976	0.520832	1.362176	6.249984
0	35.508600	4.366976	0.520832	1.362176	6.249984
0	35.608907	4.366976	0.520832	1.362176	6.249984
0	35.709214	4.366976	0.520832	1.362176	6.249984
0	35.809521	4.366976	0.520832	1.362176	6.249984
0	35.909827	4.366976	0.520832	1.362176	6.249984
0	36.010134	4.366976	0.520832	1.362176	6.249984
0	36.110441	4.366976	0.520832	1.362176	6.249984
0	36.210748	4.366976	0.520832	1.362176	6.249984
0	36.311055	4.366976	0.520832	1.362176	6.249984
0	36.411361	4.366976	0.520832	1.362176	6.249984
0	36.511668	4.366976	0.520832	1.362176	6.249984
0	36.611975	4.366976	0.520832	1.362176	6.249984
0	36.712282	4.366976	0.520832	1.362176	6.249984
0	36.812589	4.366976	0.520832	1.362176	6.249984
0	36.912895	4.366976	0.520832	1.362176	6.249984
0	37.013202	4.366976	0.520832	1.362176	6.249984
0	37.113509	4.366976	0.520832	1.362176	6.249984
0	37.213816	4.366976	0.520832	1.362176	6.249984
0	37.314122	4.366976	0.520832	1.362176	6.249984
0	37.414429	4.366976	0.520832	1.362176	6.249984
0	37.514736	4.366976	0.520832	1.362176	6.249984
0	37.615043	4.366976	0.520832	1.362176	6.249984
0	37.715350	4.366976	0.520832	1.362176	6.249984
0	37.815656	4.366976	0.520832	1.362176	6.249984
0	37.915963	4.366976	0.520832	1.362176	6.249984
0	38.016270	4.366976	0.520832	1.362176	6.249984
0	38.116577	4.366976	0.520832	1.362176	6.249984
0	38.216883	4.366976	0.520832	1.362176	6.249984
0	38.317190	4.366976	0.520832	1.362176	6.249984
0	38.417497	4.366976	0.520832	1.362176	6.249984
0	38.517804	4.366976	0.520832	1.362176	6.249984
0	38.618111	4.366976	0.520832	1.362176	6.249984
0	38.718417	4.366976	0.520832	1.362176	6.249984
0	38.818724	4.366976	0.520832	1.362176	6.249984
0	38.919031	4.366976	0.520832	1.362176	6.249984
0	39.019338	4.366976	0.520832	1.362176	6.249984
0	39.119644	4.407040	0.520832	1.362176	6.290048
0	39.219951	4.407040	0.520832	1.362176	6.290048
0	39.320258	4.407040	0.520832	1.362176	6.290048
0	39.420565	4.407040	0.520832	1.362176	6.290048
0	39.520872	4.407040	0.520832	1.362176	6.290048
0	39.621178	4.407040	0.520832	1.362176	6.290048
0	39.721485	4.407040	0.520832	1.362176	6.290048
0	39.821792	4.407040	0.520832	1.362176	6.290048
0	39.922099	4.407040	0.520832	1.362176	6.290048
0	40.022406	4.407040	0.520832	1.362176	6.290048
0	40.122712	4.407040	0.520832	1.362176	6.290048
0	40.223019	4.407040	0.520832	1.362176	6.290048
0	40.323326	4.407040	0.520832	1.362176	6.290048
0	40.423633	4.366976	0.520832	1.362176	6.249984
0	40.523939	4.366976	0.520832	1.362176	6.249984
0	40.624246	4.366976	0.520832	1.362176	6.249984
0	40.724553	4.366976	0.520832	1.362176	6.249984
0	40.824860	4.366976	0.520832	1.362176	6.249984
0	40.925167	4.366976	0.520832	1.362176	6.249984
0	41.025473	4.366976	0.520832	1.362176	6.249984
0	41.125780	4.366976	0.520832	1.362176	6.249984
0	41.226087	4.366976	0.520832	1.362176	6.249984
0	41.326394	4.366976	0.520832	1.362176	6.249984
0	41.426700	4.407040	0.520832	1.362176	6.290048
0	41.527007	4.447104	0.560896	1.362176	6.370176
0	41.627314	4.447104	0.520832	1.362176	6.330112
0	41.727621	4.407040	0.520832	1.362176	6.290048
0	41.827928	4.407040	0.520832	1.362176	6.290048
0	41.928234	4.366976	0.520832	1.362176	6.249984
0	42.028541	4.366976	0.520832	1.362176	6.249984
0	42.128848	4.366976	0.520832	1.362176	6.249984
0	42.229155	4.366976	0.520832	1.362176	6.249984
0	42.329461	4.366976	0.520832	1.362176	6.249984
0	42.429768	4.366976	0.520832	1.362176	6.249984
0	42.530075	4.366976	0.520832	1.362176	6.249984
0	42.630382	4.366976	0.520832	1.362176	6.249984
0	42.730689	4.366976	0.520832	1.362176	6.249984
0	42.830995	4.366976	0.520832	1.362176	6.249984
0	42.931302	4.366976	0.520832	1.362176	6.249984
0	43.031609	4.366976	0.520832	1.362176	6.249984
0	43.131916	4.366976	0.520832	1.362176	6.249984
0	43.232222	4.366976	0.520832	1.362176	6.249984
0	43.332529	4.366976	0.520832	1.362176	6.249984
0	43.432836	4.366976	0.520832	1.362176	6.249984
0	43.533143	4.366976	0.520832	1.362176	6.249984
0	43.633450	4.366976	0.520832	1.362176	6.249984
0	43.733756	4.366976	0.520832	1.362176	6.249984
0	43.834063	4.366976	0.520832	1.362176	6.249984
0	43.934370	4.366976	0.520832	1.362176	6.249984
0	44.034677	4.366976	0.520832	1.362176	6.249984
0	44.134984	4.366976	0.520832	1.362176	6.249984
0	44.235290	4.366976	0.520832	1.362176	6.249984
0	44.335597	4.366976	0.520832	1.362176	6.249984
0	44.435904	4.366976	0.520832	1.362176	6.249984
0	44.536211	4.366976	0.520832	1.362176	6.249984
0	44.636517	4.366976	0.520832	1.362176	6.249984
0	44.736824	4.366976	0.520832	1.362176	6.249984
0	44.837131	4.366976	0.520832	1.362176	6.249984
0	44.937438	4.366976	0.520832	1.362176	6.249984
0	45.037745	4.366976	0.520832	1.362176	6.249984
0	45.138051	4.366976	0.520832	1.362176	6.249984
0	45.238358	4.366976	0.520832	1.362176	6.249984
0	45.338665	4.366976	0.520832	1.362176	6.249984
0	45.438972	4.407040	0.520832	1.362176	6.290048
0	45.539278	4.407040	0.520832	1.362176	6.290048
0	45.639585	4.407040	0.520832	1.362176	6.290048
0	45.739892	4.407040	0.520832	1.362176	6.290048
0	45.840199	4.407040	0.520832	1.362176	6.290048
0	45.940506	4.407040	0.520832	1.362176	6.290048
0	46.040812	4.407040	0.520832	1.362176	6.290048
0	46.141119	4.407040	0.520832	1.362176	6.290048
0	46.241426	4.407040	0.520832	1.362176	6.290048
0	46.341733	4.407040	0.520832	1.362176	6.290048
0	46.442039	4.407040	0.520832	1.362176	6.290048
0	46.542346	4.407040	0.520832	1.362176	6.290048
0	46.642653	4.366976	0.520832	1.362176	6.249984
0	46.742960	4.366976	0.520832	1.362176	6.249984
0	46.843267	4.366976	0.520832	1.362176	6.249984
0	46.943573	4.366976	0.520832	1.362176	6.249984
0	47.043880	4.366976	0.520832	1.362176	6.249984
0	47.144187	4.366976	0.520832	1.362176	6.249984
0	47.244494	4.366976	0.520832	1.362176	6.249984
0	47.344800	4.366976	0.520832	1.362176	6.249984
0	47.445107	4.366976	0.520832	1.362176	6.249984
0	47.545414	4.366976	0.520832	1.362176	6.249984
0	47.645721	4.366976	0.520832	1.362176	6.249984
0	47.746028	4.366976	0.520832	1.362176	6.249984
0	47.846334	4.366976	0.520832	1.362176	6.249984
0	47.946641	4.366976	0.520832	1.362176	6.249984
0	48.046948	4.366976	0.520832	1.362176	6.249984
0	48.147255	4.366976	0.520832	1.362176	6.249984
0	48.247562	4.407040	0.560896	1.362176	6.330112
0	48.347868	4.447104	0.560896	1.362176	6.370176
0	48.448175	4.447104	0.560896	1.362176	6.370176
0	48.548482	4.447104	0.560896	1.362176	6.370176
0	48.648789	4.407040	0.560896	1.362176	6.330112
0	48.749095	4.407040	0.520832	1.362176	6.290048
0	48.849402	4.407040	0.520832	1.362176	6.290048
0	48.949709	4.407040	0.520832	1.362176	6.290048
0	49.050016	4.366976	0.520832	1.362176	6.249984
0	49.150323	4.366976	0.520832	1.362176	6.249984
0	49.250629	4.366976	0.520832	1.362176	6.249984
0	49.350936	4.366976	0.520832	1.362176	6.249984
0	49.451243	4.366976	0.520832	1.362176	6.249984
0	49.551550	4.366976	0.520832	1.362176	6.249984
0	49.651856	4.366976	0.520832	1.362176	6.249984
0	49.752163	4.366976	0.520832	1.362176	6.249984
0	49.852470	4.366976	0.520832	1.362176	6.249984
0	49.952777	4.366976	0.520832	1.362176	6.249984
0	50.053084	4.366976	0.520832	1.362176	6.249984
0	50.153390	4.366976	0.520832	1.362176	6.249984
0	50.253697	4.366976	0.520832	1.362176	6.249984
0	50.354004	4.366976	0.520832	1.362176	6.249984
0	50.454311	4.366976	0.520832	1.362176	6.249984
0	50.554617	4.366976	0.520832	1.362176	6.249984
0	50.654924	4.366976	0.520832	1.362176	6.249984
0	50.755231	4.366976	0.520832	1.362176	6.249984
0	50.855538	4.366976	0.520832	1.362176	6.249984
0	50.955845	4.366976	0.520832	1.362176	6.249984
0	51.056151	4.366976	0.520832	1.362176	6.249984
0	51.156458	4.366976	0.520832	1.362176	6.249984
0	51.256765	4.366976	0.520832	1.362176	6.249984
0	51.357072	4.366976	0.520832	1.362176	6.249984
0	51.457379	4.366976	0.520832	1.362176	6.249984
0	51.557685	4.366976	0.520832	1.362176	6.249984
0	51.657992	4.407040	0.520832	1.362176	6.290048
0	51.758299	4.407040	0.520832	1.362176	6.290048
0	51.858606	4.407040	0.520832	1.362176	6.290048
0	51.958912	4.407040	0.520832	1.362176	6.290048
0	52.059219	4.407040	0.520832	1.362176	6.290048
0	52.159526	4.407040	0.520832	1.362176	6.290048
0	52.259833	4.407040	0.520832	1.362176	6.290048
0	52.360140	4.407040	0.520832	1.362176	6.290048
0	52.460446	4.407040	0.520832	1.362176	6.290048
0	52.560753	4.407040	0.520832	1.362176	6.290048
0	52.661060	4.407040	0.520832	1.362176	6.290048
0	52.761367	4.366976	0.520832	1.362176	6.249984
0	52.861673	4.366976	0.520832	1.362176	6.249984
0	52.961980	4.366976	0.520832	1.362176	6.249984
0	53.062287	4.366976	0.520832	1.362176	6.249984
0	53.162594	4.366976	0.520832	1.362176	6.249984
0	53.262901	4.366976	0.520832	1.362176	6.249984
0	53.363207	4.366976	0.520832	1.362176	6.249984
0	53.463514	4.366976	0.520832	1.362176	6.249984
0	53.563821	4.366976	0.520832	1.362176	6.249984
0	53.664128	4.366976	0.520832	1.362176	6.249984
0	53.764434	4.326912	0.520832	1.362176	6.209920
0	53.864741	4.326912	0.520832	1.362176	6.209920
0	53.965048	4.326912	0.520832	1.362176	6.209920
0	54.065355	4.366976	0.520832	1.362176	6.249984
0	54.165662	4.366976	0.520832	1.362176	6.249984
0	54.265968	4.366976	0.520832	1.362176	6.249984
0	54.366275	4.366976	0.520832	1.362176	6.249984
0	54.466582	4.366976	0.520832	1.362176	6.249984
0	54.566889	4.366976	0.520832	1.362176	6.249984
0	54.667195	4.366976	0.520832	1.362176	6.249984
0	54.767502	4.366976	0.520832	1.362176	6.249984
0	54.867809	4.326912	0.520832	1.362176	6.209920
0	54.968116	4.366976	0.520832	1.362176	6.249984
0	55.068423	4.407040	0.520832	1.362176	6.290048
0	55.168729	4.447104	0.520832	1.362176	6.330112
0	55.269036	4.447104	0.560896	1.362176	6.370176
0	55.369343	4.407040	0.520832	1.362176	6.290048
0	55.469650	4.407040	0.520832	1.362176	6.290048
0	55.569957	4.407040	0.520832	1.362176	6.290048
0	55.670263	4.366976	0.520832	1.362176	6.249984
0	55.770570	4.366976	0.520832	1.362176	6.249984
0	55.870877	4.366976	0.520832	1.362176	6.249984
0	55.971184	4.366976	0.520832	1.362176	6.249984
0	56.071490	4.366976	0.520832	1.362176	6.249984
0	56.171797	4.366976	0.520832	1.362176	6.249984
0	56.272104	4.366976	0.520832	1.362176	6.249984
0	56.372411	4.366976	0.520832	1.362176	6.249984
0	56.472718	4.366976	0.520832	1.362176	6.249984
0	56.573024	4.366976	0.520832	1.362176	6.249984
0	56.673331	4.366976	0.520832	1.362176	6.249984
0	56.773638	4.366976	0.520832	1.362176	6.249984
0	56.873945	4.366976	0.520832	1.362176	6.249984
0	56.974251	4.366976	0.520832	1.362176	6.249984
0	57.074558	4.366976	0.520832	1.362176	6.249984
0	57.174865	4.366976	0.520832	1.362176	6.249984
0	57.275172	4.366976	0.520832	1.362176	6.249984
0	57.375479	4.366976	0.520832	1.362176	6.249984
0	57.475785	4.366976	0.520832	1.362176	6.249984
0	57.576092	4.366976	0.520832	1.362176	6.249984
0	57.676399	4.366976	0.520832	1.362176	6.249984
0	57.776706	4.366976	0.520832	1.362176	6.249984
0	57.877012	4.407040	0.520832	1.362176	6.290048
0	57.977319	4.407040	0.520832	1.362176	6.290048
0	58.077626	4.407040	0.520832	1.362176	6.290048
0	58.177933	4.407040	0.520832	1.362176	6.290048
0	58.278240	4.407040	0.520832	1.362176	6.290048
0	58.378546	4.407040	0.520832	1.362176	6.290048
0	58.478853	4.407040	0.520832	1.362176	6.290048
0	58.579160	4.407040	0.520832	1.362176	6.290048
0	58.679467	4.407040	0.520832	1.362176	6.290048
0	58.779773	4.407040	0.520832	1.362176	6.290048
0	58.880080	4.407040	0.520832	1.362176	6.290048
0	58.980387	4.407040	0.520832	1.362176	6.290048
0	59.080694	4.407040	0.520832	1.362176	6.290048
0	59.181001	4.366976	0.520832	1.362176	6.249984
0	59.281307	4.366976	0.520832	1.362176	6.249984
0	59.381614	4.366976	0.520832	1.362176	6.249984
0	59.481921	4.366976	0.520832	1.362176	6.249984
0	59.582228	4.366976	0.520832	1.362176	6.249984
0	59.682535	4.366976	0.520832	1.362176	6.249984
0	59.782841	4.366976	0.520832	1.362176	6.249984
0	59.883148	4.366976	0.520832	1.362176	6.249984
0	59.983455	4.366976	0.520832	1.362176	6.249984
0	60.083762	4.366976	0.520832	1.362176	6.249984
0	60.184068	4.366976	0.520832	1.362176	6.249984
0	60.284375	4.366976	0.520832	1.362176	6.249984
0	60.384682	4.366976	0.520832	1.362176	6.249984
0	60.484989	4.366976	0.520832	1.362176	6.249984
0	60.585296	4.366976	0.520832	1.362176	6.249984
0	60.685602	4.366976	0.520832	1.362176	6.249984
0	60.785909	4.366976	0.520832	1.362176	6.249984
0	60.886216	4.366976	0.520832	1.362176	6.249984
0	60.986523	4.366976	0.520832	1.362176	6.249984
0	61.086829	4.366976	0.520832	1.362176	6.249984
0	61.187136	4.366976	0.520832	1.362176	6.249984
0	61.287443	4.366976	0.520832	1.362176	6.249984
0	61.387750	4.366976	0.520832	1.362176	6.249984
0	61.488057	4.366976	0.520832	1.362176	6.249984
0	61.588363	4.366976	0.520832	1.362176	6.249984
0	61.688670	4.366976	0.520832	1.362176	6.249984
0	61.788977	4.366976	0.520832	1.362176	6.249984
0	61.889284	4.366976	0.520832	1.362176	6.249984
0	61.989590	4.407040	0.560896	1.362176	6.330112
0	62.089897	4.447104	0.560896	1.362176	6.370176
0	62.190204	4.447104	0.560896	1.362176	6.370176
0	62.290511	4.407040	0.560896	1.362176	6.330112
0	62.390818	4.407040	0.560896	1.362176	6.330112
0	62.491124	4.407040	0.520832	1.362176	6.290048
0	62.591431	4.407040	0.520832	1.362176	6.290048
0	62.691738	4.407040	0.520832	1.362176	6.290048
0	62.792045	4.366976	0.520832	1.362176	6.249984
0	62.892352	4.366976	0.520832	1.362176	6.249984
0	62.992658	4.366976	0.520832	1.362176	6.249984
0	63.092965	4.366976	0.520832	1.362176	6.249984
0	63.193272	4.366976	0.520832	1.362176	6.249984
0	63.293579	4.366976	0.520832	1.362176	6.249984
0	63.393885	4.366976	0.520832	1.362176	6.249984
0	63.494192	4.366976	0.520832	1.362176	6.249984
0	63.594499	4.366976	0.520832	1.362176	6.249984
0	63.694806	4.366976	0.520832	1.362176	6.249984
0	63.795113	4.366976	0.520832	1.362176	6.249984
0	63.895419	4.366976	0.520832	1.362176	6.249984
0	63.995726	4.366976	0.520832	1.362176	6.249984
0	64.096033	4.366976	0.520832	1.362176	6.249984
0	64.196340	4.407040	0.520832	1.362176	6.290048
0	64.296646	4.407040	0.520832	1.362176	6.290048
0	64.396953	4.407040	0.520832	1.362176	6.290048
0	64.497260	4.407040	0.520832	1.362176	6.290048
0	64.597567	4.407040	0.520832	1.362176	6.290048
0	64.697874	4.407040	0.520832	1.362176	6.290048
0	64.798180	4.407040	0.520832	1.362176	6.290048
0	64.898487	4.407040	0.520832	1.362176	6.290048
0	64.998794	4.407040	0.520832	1.362176	6.290048
0	65.099101	4.407040	0.520832	1.362176	6.290048
0	65.199407	4.407040	0.520832	1.402240	6.330112
0	65.299714	4.407040	0.520832	1.362176	6.290048
0	65.400021	4.407040	0.520832	1.362176	6.290048
0	65.500328	4.407040	0.520832	1.362176	6.290048
0	65.600635	4.366976	0.520832	1.362176	6.249984
0	65.700941	4.366976	0.520832	1.362176	6.249984
0	65.801248	4.366976	0.520832	1.362176	6.249984
0	65.901555	4.366976	0.520832	1.362176	6.249984
0	66.001862	4.366976	0.520832	1.362176	6.249984
0	66.102168	4.366976	0.520832	1.362176	6.249984
0	66.202475	4.366976	0.520832	1.362176	6.249984
0	66.302782	4.366976	0.520832	1.362176	6.249984
0	66.403089	4.366976	0.520832	1.362176	6.249984
0	66.503396	4.366976	0.520832	1.362176	6.249984
0	66.603702	4.366976	0.520832	1.362176	6.249984
0	66.704009	4.366976	0.520832	1.362176	6.249984
0	66.804316	4.366976	0.520832	1.362176	6.249984
0	66.904623	4.366976	0.520832	1.362176	6.249984
0	67.004930	4.366976	0.520832	1.362176	6.249984
0	67.105236	4.366976	0.520832	1.362176	6.249984
0	67.205543	4.366976	0.520832	1.362176	6.249984
0	67.305850	4.366976	0.520832	1.362176	6.249984
0	67.406157	4.366976	0.520832	1.362176	6.249984
0	67.506463	4.366976	0.520832	1.362176	6.249984
0	67.606770	4.366976	0.520832	1.362176	6.249984
0	67.707077	4.366976	0.520832	1.362176	6.249984
0	67.807384	4.366976	0.520832	1.362176	6.249984
0	67.907691	4.366976	0.520832	1.362176	6.249984
0	68.007997	4.366976	0.520832	1.362176	6.249984
0	68.108304	4.366976	0.520832	1.362176	6.249984
0	68.208611	4.366976	0.520832	1.362176	6.249984
0	68.308918	4.366976	0.520832	1.362176	6.249984
0	68.409224	4.366976	0.520832	1.362176	6.249984
0	68.509531	4.366976	0.520832	1.362176	6.249984
0	68.609838	4.366976	0.520832	1.362176	6.249984
