Set_id	Time	Line 0	Line 1	Line 2	Sum
0	0.000000	5.183360	1.234048	1.393280	7.810688
0	0.100272	5.103616	1.156288	1.395520	7.655424
0	0.200544	5.031936	1.076544	1.397760	7.506240
0	0.300816	4.952064	1.038336	1.397760	7.388160
0	0.401088	4.880000	0.958464	1.357824	7.196288
0	0.501360	4.840000	0.918528	1.360000	7.118528
0	0.601632	4.800000	0.920000	1.360000	7.080000
0	0.701904	4.767616	0.880000	1.360000	7.007616
0	0.802176	4.727552	0.840000	1.360000	6.927552
0	0.902448	4.727552	0.840000	1.360000	6.927552
0	1.002720	4.687488	0.840000	1.360000	6.887488
0	1.102992	4.687488	0.800000	1.362176	6.849664
0	1.203264	4.647424	0.800000	1.362176	6.809600
0	1.303536	4.647424	0.800000	1.362176	6.809600
0	1.403808	4.647424	0.800000	1.362176	6.809600
0	1.504080	4.647424	0.800000	1.362176	6.809600
0	1.604352	4.647424	0.800000	1.362176	6.809600
0	1.704623	4.647424	0.801280	1.362176	6.810880
0	1.804895	4.647424	0.801280	1.362176	6.810880
0	1.905167	4.647424	0.801280	1.362176	6.810880
0	2.005439	4.647424	0.801280	1.362176	6.810880
0	2.105711	4.647424	0.801280	1.362176	6.810880
0	2.205983	4.647424	0.801280	1.362176	6.810880
0	2.306255	4.647424	0.801280	1.362176	6.810880
0	2.406527	4.647424	0.801280	1.362176	6.810880
0	2.506799	4.647424	0.801280	1.362176	6.810880
0	2.607071	4.647424	0.801280	1.362176	6.810880
0	2.707343	4.647424	0.801280	1.362176	6.810880
0	2.807615	4.647424	0.801280	1.362176	6.810880
0	2.907887	4.647424	0.801280	1.362176	6.810880
0	3.008159	4.607360	0.801280	1.362176	6.770816
0	3.108431	4.607360	0.801280	1.362176	6.770816
0	3.208703	4.607360	0.801280	1.362176	6.770816
0	3.308975	4.607360	0.801280	1.362176	6.770816
0	3.409247	4.607360	0.801280	1.362176	6.770816
0	3.509519	4.607360	0.801280	1.362176	6.770816
0	3.609791	4.607360	0.801280	1.362176	6.770816
0	3.710063	4.607360	0.801280	1.362176	6.770816
0	3.810335	4.607360	0.801280	1.362176	6.770816
0	3.910607	4.607360	0.801280	1.362176	6.770816
0	4.010879	4.607360	0.801280	1.362176	6.770816
0	4.111151	4.607360	0.801280	1.362176	6.770816
0	4.211423	4.607360	0.801280	1.362176	6.770816
0	4.311695	4.607360	0.800000	1.362176	6.769536
0	4.411967	4.607360	0.801280	1.362176	6.770816
0	4.512239	4.647424	0.800000	1.362176	6.809600
0	4.612511	4.647424	0.801280	1.362176	6.810880
0	4.712783	4.647424	0.801280	1.362176	6.810880
0	4.813055	4.647424	0.801280	1.362176	6.810880
0	4.913327	4.687488	0.801280	1.362176	6.850944
0	5.013599	4.687488	0.801280	1.362176	6.850944
0	5.113870	4.687488	0.801280	1.362176	6.850944
0	5.214142	4.687488	0.801280	1.362176	6.850944
0	5.314414	4.687488	0.801280	1.362176	6.850944
0	5.414686	4.687488	0.801280	1.362176	6.850944
0	5.514958	4.687488	0.801280	1.362176	6.850944
0	5.615230	4.687488	0.801280	1.362176	6.850944
0	5.715502	4.687488	0.801280	1.362176	6.850944
0	5.815774	4.727552	0.801280	1.402240	6.931072
0	5.916046	4.727552	0.801280	1.402240	6.931072
0	6.016318	4.727552	0.801280	1.362176	6.891008
0	6.116590	4.687488	0.801280	1.362176	6.850944
0	6.216862	4.687488	0.801280	1.362176	6.850944
0	6.317134	4.647424	0.801280	1.362176	6.810880
0	6.417406	4.647424	0.801280	1.362176	6.810880
0	6.517678	4.647424	0.801280	1.362176	6.810880
0	6.617950	4.647424	0.801280	1.362176	6.810880
0	6.718222	4.647424	0.761216	1.362176	6.770816
0	6.818494	4.647424	0.761216	1.362176	6.770816
0	6.918766	4.647424	0.761216	1.362176	6.770816
0	7.019038	4.607360	0.761216	1.362176	6.730752
0	7.119310	4.607360	0.761216	1.362176	6.730752
0	7.219582	4.607360	0.801280	1.362176	6.770816
0	7.319854	4.607360	0.801280	1.362176	6.770816
0	7.420126	4.647424	0.801280	1.362176	6.810880
0	7.520398	4.647424	0.801280	1.362176	6.810880
0	7.620670	4.647424	0.801280	1.362176	6.810880
0	7.720942	4.647424	0.801280	1.362176	6.810880
0	7.821214	4.647424	0.801280	1.362176	6.810880
0	7.921486	4.647424	0.801280	1.362176	6.810880
0	8.021758	4.647424	0.801280	1.362176	6.810880
0	8.122030	4.647424	0.801280	1.362176	6.810880
0	8.222302	4.647424	0.801280	1.362176	6.810880
0	8.322574	4.647424	0.801280	1.362176	6.810880
0	8.422845	4.647424	0.801280	1.362176	6.810880
0	8.523117	4.647424	0.801280	1.362176	6.810880
0	8.623389	4.647424	0.801280	1.362176	6.810880
0	8.723661	4.647424	0.801280	1.362176	6.810880
0	8.823933	4.647424	0.801280	1.362176	6.810880
0	8.924205	4.647424	0.801280	1.362176	6.810880
0	9.024477	4.647424	0.801280	1.362176	6.810880
0	9.124749	4.647424	0.801280	1.362176	6.810880
0	9.225021	4.647424	0.801280	1.362176	6.810880
0	9.325293	4.647424	0.801280	1.362176	6.810880
0	9.425565	4.647424	0.801280	1.362176	6.810880
0	9.525837	4.647424	0.801280	1.362176	6.810880
0	9.626109	4.607360	0.801280	1.362176	6.770816
0	9.726381	4.607360	0.801280	1.362176	6.770816
0	9.826653	4.607360	0.801280	1.362176	6.770816
0	9.926925	4.647424	0.801280	1.362176	6.810880
0	10.027197	4.607360	0.801280	1.362176	6.770816
0	10.127469	4.647424	0.801280	1.362176	6.810880
0	10.227741	4.647424	0.801280	1.362176	6.810880
0	10.328013	4.647424	0.801280	1.362176	6.810880
0	10.428285	4.607360	0.801280	1.362176	6.770816
0	10.528557	4.647424	0.801280	1.362176	6.810880
0	10.628829	4.647424	0.801280	1.362176	6.810880
0	10.729101	4.647424	0.801280	1.362176	6.810880
0	10.829373	4.647424	0.801280	1.362176	6.810880
0	10.929645	4.647424	0.801280	1.362176	6.810880
0	11.029917	4.647424	0.801280	1.362176	6.810880
0	11.130189	4.647424	0.801280	1.362176	6.810880
0	11.230461	4.647424	0.801280	1.362176	6.810880
0	11.330733	4.647424	0.801280	1.362176	6.810880
0	11.431005	4.687488	0.801280	1.362176	6.850944
0	11.531277	4.687488	0.801280	1.402240	6.891008
0	11.631549	4.727552	0.801280	1.402240	6.931072
0	11.731821	4.727552	0.801280	1.402240	6.931072
0	11.832092	4.727552	0.801280	1.362176	6.891008
0	11.932364	4.727552	0.801280	1.362176	6.891008
0	12.032636	4.687488	0.801280	1.362176	6.850944
0	12.132908	4.687488	0.801280	1.362176	6.850944
0	12.233180	4.687488	0.801280	1.402240	6.891008
0	12.333452	4.687488	0.801280	1.362176	6.850944
0	12.433724	4.687488	0.801280	1.362176	6.850944
0	12.533996	4.647424	0.801280	1.362176	6.810880
0	12.634268	4.647424	0.801280	1.362176	6.810880
0	12.734540	4.647424	0.801280	1.362176	6.810880
0	12.834812	4.647424	0.801280	1.362176	6.810880
0	12.935084	4.647424	0.801280	1.362176	6.810880
0	13.035356	4.647424	0.801280	1.362176	6.810880
0	13.135628	4.647424	0.801280	1.362176	6.810880
0	13.235900	4.647424	0.801280	1.362176	6.810880
0	13.336172	4.647424	0.801280	1.362176	6.810880
0	13.436444	4.647424	0.801280	1.362176	6.810880
0	13.536716	4.647424	0.801280	1.362176	6.810880
0	13.636988	4.647424	0.801280	1.362176	6.810880
0	13.737260	4.647424	0.801280	1.362176	6.810880
0	13.837532	4.647424	0.801280	1.362176	6.810880
0	13.937804	4.647424	0.801280	1.362176	6.810880
0	14.038076	4.647424	0.801280	1.362176	6.810880
0	14.138348	4.647424	0.801280	1.362176	6.810880
0	14.238620	4.647424	0.801280	1.362176	6.810880
0	14.338892	4.647424	0.801280	1.362176	6.810880
0	14.439164	4.647424	0.801280	1.362176	6.810880
0	14.539436	4.647424	0.801280	1.362176	6.810880
0	14.639708	4.647424	0.801280	1.362176	6.810880
0	14.739980	4.647424	0.801280	1.362176	6.810880
0	14.840252	4.647424	0.801280	1.362176	6.810880
0	14.940524	4.647424	0.801280	1.362176	6.810880
0	15.040796	4.647424	0.801280	1.362176	6.810880
0	15.141067	4.647424	0.801280	1.362176	6.810880
0	15.241339	4.647424	0.801280	1.362176	6.810880
0	15.341611	4.647424	0.801280	1.362176	6.810880
0	15.441883	4.647424	0.801280	1.362176	6.810880
0	15.542155	4.647424	0.801280	1.362176	6.810880
0	15.642427	4.647424	0.801280	1.362176	6.810880
0	15.742699	4.647424	0.801280	1.362176	6.810880
0	15.842971	4.647424	0.801280	1.362176	6.810880
0	15.943243	4.647424	0.801280	1.362176	6.810880
0	16.043515	4.647424	0.801280	1.362176	6.810880
0	16.143787	4.647424	0.801280	1.362176	6.810880
0	16.244059	4.647424	0.801280	1.362176	6.810880
0	16.344331	4.647424	0.801280	1.362176	6.810880
0	16.444603	4.647424	0.801280	1.362176	6.810880
0	16.544875	4.647424	0.801280	1.362176	6.810880
0	16.645147	4.647424	0.801280	1.362176	6.810880
0	16.745419	4.647424	0.801280	1.362176	6.810880
0	16.845691	4.647424	0.801280	1.362176	6.810880
0	16.945963	4.647424	0.801280	1.362176	6.810880
0	17.046235	4.647424	0.801280	1.362176	6.810880
0	17.146507	4.647424	0.801280	1.362176	6.810880
0	17.246779	4.687488	0.801280	1.362176	6.850944
0	17.347051	4.687488	0.801280	1.362176	6.850944
0	17.447323	4.687488	0.801280	1.362176	6.850944
0	17.547595	4.687488	0.801280	1.362176	6.850944
0	17.647867	4.727552	0.801280	1.402240	6.931072
0	17.748139	4.727552	0.801280	1.402240	6.931072
0	17.848411	4.727552	0.801280	1.402240	6.931072
0	17.948683	4.727552	0.801280	1.362176	6.891008
0	18.048955	4.727552	0.801280	1.362176	6.891008
0	18.149227	4.687488	0.801280	1.402240	6.891008
0	18.249499	4.687488	0.801280	1.402240	6.891008
0	18.349771	4.687488	0.801280	1.402240	6.891008
0	18.450043	4.687488	0.801280	1.402240	6.891008
0	18.550314	4.687488	0.801280	1.402240	6.891008
0	18.650586	4.687488	0.801280	1.402240	6.891008
0	18.750858	4.687488	0.801280	1.362176	6.850944
0	18.851130	4.687488	0.801280	1.362176	6.850944
0	18.951402	4.687488	0.801280	1.362176	6.850944
0	19.051674	4.647424	0.801280	1.362176	6.810880
0	19.151946	4.647424	0.801280	1.362176	6.810880
0	19.252218	4.647424	0.801280	1.362176	6.810880
0	19.352490	4.647424	0.801280	1.362176	6.810880
0	19.452762	4.647424	0.801280	1.362176	6.810880
0	19.553034	4.647424	0.801280	1.362176	6.810880
0	19.653306	4.647424	0.801280	1.362176	6.810880
0	19.753578	4.647424	0.801280	1.362176	6.810880
0	19.853850	4.647424	0.801280	1.362176	6.810880
0	19.954122	4.687488	0.801280	1.362176	6.850944
0	20.054394	4.647424	0.801280	1.362176	6.810880
0	20.154666	4.647424	0.801280	1.362176	6.810880
0	20.254938	4.647424	0.801280	1.362176	6.810880
0	20.355210	4.647424	0.801280	1.362176	6.810880
0	20.455482	4.647424	0.801280	1.362176	6.810880
0	20.555754	4.647424	0.801280	1.362176	6.810880
0	20.656026	4.647424	0.801280	1.362176	6.810880
0	20.756298	4.647424	0.801280	1.362176	6.810880
0	20.856570	4.647424	0.801280	1.362176	6.810880
0	20.956842	4.647424	0.801280	1.362176	6.810880
0	21.057114	4.647424	0.801280	1.362176	6.810880
0	21.157386	4.647424	0.801280	1.362176	6.810880
0	21.257658	4.647424	0.801280	1.362176	6.810880
0	21.357930	4.647424	0.801280	1.362176	6.810880
0	21.458202	4.647424	0.801280	1.362176	6.810880
0	21.558474	4.647424	0.801280	1.362176	6.810880
0	21.658746	4.647424	0.801280	1.362176	6.810880
0	21.759018	4.607360	0.801280	1.362176	6.770816
0	21.859289	4.607360	0.801280	1.362176	6.770816
0	21.959561	4.607360	0.801280	1.362176	6.770816
0	22.059833	4.607360	0.801280	1.362176	6.770816
0	22.160105	4.607360	0.801280	1.362176	6.770816
0	22.260377	4.607360	0.801280	1.362176	6.770816
0	22.360649	4.607360	0.801280	1.362176	6.770816
0	22.460921	4.607360	0.801280	1.362176	6.770816
0	22.561193	4.607360	0.801280	1.362176	6.770816
0	22.661465	4.607360	0.801280	1.362176	6.770816
0	22.761737	4.607360	0.801280	1.362176	6.770816
0	22.862009	4.647424	0.801280	1.362176	6.810880
0	22.962281	4.687488	0.801280	1.362176	6.850944
0	23.062553	4.687488	0.801280	1.362176	6.850944
0	23.162825	4.687488	0.801280	1.362176	6.850944
0	23.263097	4.647424	0.801280	1.362176	6.810880
0	23.363369	4.647424	0.801280	1.362176	6.810880
0	23.463641	4.647424	0.801280	1.362176	6.810880
0	23.563913	4.647424	0.801280	1.362176	6.810880
0	23.664185	4.647424	0.801280	1.362176	6.810880
0	23.764457	4.647424	0.801280	1.362176	6.810880
0	23.864729	4.647424	0.801280	1.362176	6.810880
0	23.965001	4.647424	0.801280	1.362176	6.810880
0	24.065273	4.687488	0.801280	1.362176	6.850944
0	24.165545	4.687488	0.801280	1.362176	6.850944
0	24.265817	4.687488	0.801280	1.402240	6.891008
0	24.366089	4.687488	0.801280	1.402240	6.891008
0	24.466361	4.687488	0.801280	1.402240	6.891008
0	24.566633	4.687488	0.801280	1.362176	6.850944
0	24.666905	4.687488	0.801280	1.362176	6.850944
0	24.767177	4.687488	0.801280	1.402240	6.891008
0	24.867449	4.687488	0.801280	1.402240	6.891008
0	24.967721	4.647424	0.801280	1.362176	6.810880
0	25.067993	4.647424	0.801280	1.362176	6.810880
0	25.168265	4.647424	0.801280	1.362176	6.810880
0	25.268536	4.647424	0.801280	1.362176	6.810880
0	25.368808	4.647424	0.801280	1.362176	6.810880
0	25.469080	4.647424	0.801280	1.362176	6.810880
0	25.569352	4.647424	0.801280	1.362176	6.810880
0	25.669624	4.647424	0.801280	1.362176	6.810880
0	25.769896	4.647424	0.801280	1.362176	6.810880
0	25.870168	4.647424	0.801280	1.362176	6.810880
0	25.970440	4.607360	0.801280	1.362176	6.770816
0	26.070712	4.607360	0.801280	1.362176	6.770816
0	26.170984	4.607360	0.801280	1.362176	6.770816
0	26.271256	4.607360	0.801280	1.362176	6.770816
0	26.371528	4.607360	0.801280	1.362176	6.770816
0	26.471800	4.607360	0.801280	1.362176	6.770816
0	26.572072	4.607360	0.801280	1.362176	6.770816
0	26.672344	4.607360	0.801280	1.362176	6.770816
0	26.772616	4.607360	0.801280	1.362176	6.770816
0	26.872888	4.647424	0.801280	1.362176	6.810880
0	26.973160	4.647424	0.801280	1.362176	6.810880
0	27.073432	4.647424	0.801280	1.362176	6.810880
0	27.173704	4.647424	0.801280	1.362176	6.810880
0	27.273976	4.647424	0.801280	1.362176	6.810880
0	27.374248	4.647424	0.801280	1.362176	6.810880
0	27.474520	4.607360	0.801280	1.362176	6.770816
0	27.574792	4.607360	0.801280	1.362176	6.770816
0	27.675064	4.607360	0.801280	1.362176	6.770816
0	27.775336	4.607360	0.801280	1.362176	6.770816
0	27.875608	4.647424	0.801280	1.362176	6.810880
0	27.975880	4.647424	0.801280	1.362176	6.810880
0	28.076152	4.647424	0.801280	1.362176	6.810880
0	28.176424	4.647424	0.801280	1.362176	6.810880
0	28.276696	4.647424	0.801280	1.362176	6.810880
0	28.376968	4.607360	0.801280	1.362176	6.770816
0	28.477240	4.607360	0.761216	1.362176	6.730752
0	28.577511	4.647424	0.801280	1.362176	6.810880
0	28.677783	4.687488	0.801280	1.362176	6.850944
0	28.778055	4.687488	0.801280	1.362176	6.850944
0	28.878327	4.687488	0.801280	1.362176	6.850944
0	28.978599	4.647424	0.801280	1.362176	6.810880
0	29.078871	4.647424	0.801280	1.362176	6.810880
0	29.179143	4.647424	0.801280	1.362176	6.810880
0	29.279415	4.647424	0.801280	1.362176	6.810880
0	29.379687	4.647424	0.801280	1.362176	6.810880
0	29.479959	4.647424	0.761216	1.362176	6.770816
0	29.580231	4.647424	0.801280	1.362176	6.810880
0	29.680503	4.647424	0.801280	1.362176	6.810880
0	29.780775	4.647424	0.761216	1.362176	6.770816
0	29.881047	4.647424	0.801280	1.362176	6.810880
0	29.981319	4.647424	0.801280	1.362176	6.810880
0	30.081591	4.647424	0.761216	1.362176	6.770816
0	30.181863	4.647424	0.761216	1.362176	6.770816
0	30.282135	4.647424	0.761216	1.362176	6.770816
0	30.382407	4.647424	0.761216	1.362176	6.770816
0	30.482679	4.687488	0.761216	1.362176	6.810880
0	30.582951	4.687488	0.761216	1.362176	6.810880
0	30.683223	4.687488	0.761216	1.362176	6.810880
0	30.783495	4.687488	0.761216	1.362176	6.810880
0	30.883767	4.687488	0.761216	1.362176	6.810880
0	30.984039	4.687488	0.761216	1.362176	6.810880
0	31.084311	4.687488	0.761216	1.402240	6.850944
0	31.184583	4.687488	0.801280	1.402240	6.891008
0	31.284855	4.687488	0.801280	1.402240	6.891008
0	31.385127	4.647424	0.761216	1.362176	6.770816
0	31.485399	4.647424	0.761216	1.362176	6.770816
0	31.585671	4.647424	0.761216	1.362176	6.770816
0	31.685943	4.647424	0.761216	1.362176	6.770816
0	31.786215	4.647424	0.801280	1.362176	6.810880
0	31.886487	4.647424	0.801280	1.362176	6.810880
0	31.986758	4.647424	0.801280	1.362176	6.810880
0	32.087030	4.647424	0.801280	1.362176	6.810880
0	32.187302	4.647424	0.801280	1.362176	6.810880
0	32.287574	4.647424	0.801280	1.362176	6.810880
0	32.387846	4.647424	0.801280	1.362176	6.810880
0	32.488118	4.647424	0.801280	1.362176	6.810880
0	32.588390	4.647424	0.801280	1.362176	6.810880
0	32.688662	4.647424	0.801280	1.362176	6.810880
0	32.788934	4.647424	0.801280	1.362176	6.810880
0	32.889206	4.647424	0.801280	1.362176	6.810880
0	32.989478	4.647424	0.801280	1.362176	6.810880
0	33.089750	4.647424	0.801280	1.362176	6.810880
0	33.190022	4.647424	0.801280	1.362176	6.810880
0	33.290294	4.647424	0.801280	1.362176	6.810880
0	33.390566	4.647424	0.801280	1.362176	6.810880
0	33.490838	4.647424	0.801280	1.362176	6.810880
0	33.591110	4.647424	0.801280	1.362176	6.810880
0	33.691382	4.647424	0.801280	1.362176	6.810880
0	33.791654	4.647424	0.801280	1.362176	6.810880
0	33.891926	4.647424	0.801280	1.362176	6.810880
0	33.992198	4.647424	0.801280	1.362176	6.810880
0	34.092470	4.647424	0.801280	1.362176	6.810880
0	34.192742	4.647424	0.801280	1.362176	6.810880
0	34.293014	4.687488	0.801280	1.362176	6.850944
0	34.393286	4.687488	0.801280	1.362176	6.850944
0	34.493558	4.687488	0.801280	1.362176	6.850944
0	34.593830	4.687488	0.801280	1.362176	6.850944
0	34.694102	4.687488	0.801280	1.362176	6.850944
0	34.794374	4.647424	0.801280	1.362176	6.810880
0	34.894646	4.647424	0.801280	1.362176	6.810880
0	34.994918	4.647424	0.801280	1.362176	6.810880
0	35.095190	4.647424	0.801280	1.362176	6.810880
0	35.195462	4.647424	0.801280	1.362176	6.810880
0	35.295733	4.647424	0.801280	1.362176	6.810880
0	35.396005	4.647424	0.801280	1.362176	6.810880
0	35.496277	4.647424	0.801280	1.362176	6.810880
0	35.596549	4.647424	0.801280	1.362176	6.810880
0	35.696821	4.647424	0.801280	1.362176	6.810880
0	35.797093	4.647424	0.801280	1.362176	6.810880
0	35.897365	4.647424	0.801280	1.362176	6.810880
0	35.997637	4.647424	0.801280	1.362176	6.810880
0	36.097909	4.647424	0.801280	1.362176	6.810880
0	36.198181	4.647424	0.801280	1.362176	6.810880
0	36.298453	4.647424	0.801280	1.362176	6.810880
0	36.398725	4.687488	0.801280	1.362176	6.850944
0	36.498997	4.687488	0.801280	1.362176	6.850944
0	36.599269	4.687488	0.801280	1.362176	6.850944
0	36.699541	4.687488	0.801280	1.362176	6.850944
0	36.799813	4.687488	0.801280	1.362176	6.850944
0	36.900085	4.687488	0.801280	1.362176	6.850944
0	37.000357	4.687488	0.801280	1.362176	6.850944
0	37.100629	4.687488	0.801280	1.362176	6.850944
0	37.200901	4.687488	0.801280	1.402240	6.891008
0	37.301173	4.687488	0.801280	1.402240	6.891008
0	37.401445	4.727552	0.801280	1.402240	6.931072
0	37.501717	4.687488	0.801280	1.402240	6.891008
0	37.601989	4.687488	0.801280	1.362176	6.850944
0	37.702261	4.687488	0.801280	1.362176	6.850944
0	37.802533	4.687488	0.801280	1.362176	6.850944
0	37.902805	4.687488	0.801280	1.362176	6.850944
0	38.003077	4.647424	0.801280	1.362176	6.810880
0	38.103349	4.687488	0.801280	1.362176	6.850944
0	38.203621	4.687488	0.801280	1.362176	6.850944
0	38.303893	4.687488	0.801280	1.362176	6.850944
0	38.404165	4.647424	0.801280	1.362176	6.810880
0	38.504437	4.647424	0.801280	1.362176	6.810880
0	38.604709	4.647424	0.801280	1.362176	6.810880
0	38.704980	4.647424	0.801280	1.362176	6.810880
0	38.805252	4.647424	0.801280	1.362176	6.810880
0	38.905524	4.647424	0.801280	1.362176	6.810880
0	39.005796	4.647424	0.801280	1.362176	6.810880
0	39.106068	4.647424	0.801280	1.362176	6.810880
0	39.206340	4.607360	0.761216	1.362176	6.730752
0	39.306612	4.607360	0.801280	1.362176	6.770816
0	39.406884	4.607360	0.801280	1.362176	6.770816
0	39.507156	4.647424	0.801280	1.362176	6.810880
0	39.607428	4.647424	0.801280	1.362176	6.810880
0	39.707700	4.647424	0.801280	1.362176	6.810880
0	39.807972	4.607360	0.761216	1.362176	6.730752
0	39.908244	4.647424	0.801280	1.362176	6.810880
0	40.008516	4.687488	0.801280	1.362176	6.850944
0	40.108788	4.687488	0.801280	1.362176	6.850944
0	40.209060	4.647424	0.801280	1.362176	6.810880
0	40.309332	4.647424	0.801280	1.362176	6.810880
0	40.409604	4.647424	0.801280	1.362176	6.810880
0	40.509876	4.647424	0.801280	1.362176	6.810880
0	40.610148	4.647424	0.801280	1.362176	6.810880
0	40.710420	4.647424	0.801280	1.362176	6.810880
0	40.810692	4.647424	0.761216	1.362176	6.770816
0	40.910964	4.607360	0.801280	1.362176	6.770816
0	41.011236	4.607360	0.761216	1.362176	6.730752
0	41.111508	4.607360	0.801280	1.362176	6.770816
0	41.211780	4.607360	0.801280	1.362176	6.770816
0	41.312052	4.607360	0.801280	1.362176	6.770816
0	41.412324	4.607360	0.801280	1.362176	6.770816
0	41.512596	4.607360	0.761216	1.362176	6.730752
0	41.612868	4.607360	0.801280	1.362176	6.770816
0	41.713140	4.607360	0.761216	1.362176	6.730752
0	41.813412	4.607360	0.761216	1.362176	6.730752
0	41.913684	4.607360	0.761216	1.362176	6.730752
0	42.013955	4.607360	0.801280	1.362176	6.770816
0	42.114227	4.607360	0.801280	1.362176	6.770816
0	42.214499	4.607360	0.761216	1.362176	6.730752
0	42.314771	4.607360	0.761216	1.362176	6.730752
0	42.415043	4.647424	0.801280	1.362176	6.810880
0	42.515315	4.647424	0.801280	1.362176	6.810880
0	42.615587	4.647424	0.801280	1.362176	6.810880
0	42.715859	4.647424	0.801280	1.362176	6.810880
0	42.816131	4.647424	0.801280	1.362176	6.810880
0	42.916403	4.647424	0.801280	1.362176	6.810880
0	43.016675	4.687488	0.801280	1.362176	6.850944
0	43.116947	4.687488	0.801280	1.362176	6.850944
0	43.217219	4.687488	0.801280	1.362176	6.850944
0	43.317491	4.687488	0.801280	1.402240	6.891008
0	43.417763	4.687488	0.761216	1.362176	6.810880
0	43.518035	4.687488	0.801280	1.402240	6.891008
0	43.618307	4.647424	0.801280	1.362176	6.810880
0	43.718579	4.647424	0.801280	1.362176	6.810880
0	43.818851	4.647424	0.801280	1.362176	6.810880
0	43.919123	4.647424	0.801280	1.362176	6.810880
0	44.019395	4.647424	0.801280	1.362176	6.810880
0	44.119667	4.647424	0.801280	1.362176	6.810880
0	44.219939	4.647424	0.761216	1.362176	6.770816
0	44.320211	4.607360	0.801280	1.362176	6.770816
0	44.420483	4.607360	0.801280	1.362176	6.770816
0	44.520755	4.607360	0.801280	1.362176	6.770816
0	44.621027	4.607360	0.801280	1.362176	6.770816
0	44.721299	4.607360	0.801280	1.362176	6.770816
0	44.821571	4.607360	0.801280	1.362176	6.770816
0	44.921843	4.607360	0.801280	1.362176	6.770816
0	45.022115	4.607360	0.761216	1.362176	6.730752
0	45.122387	4.607360	0.761216	1.362176	6.730752
0	45.222659	4.607360	0.761216	1.362176	6.730752
0	45.322931	4.607360	0.801280	1.362176	6.770816
0	45.423202	4.607360	0.761216	1.362176	6.730752
0	45.523474	4.647424	0.801280	1.362176	6.810880
0	45.623746	4.647424	0.801280	1.362176	6.810880
0	45.724018	4.687488	0.801280	1.362176	6.850944
0	45.824290	4.647424	0.801280	1.362176	6.810880
0	45.924562	4.647424	0.801280	1.362176	6.810880
0	46.024834	4.647424	0.801280	1.362176	6.810880
0	46.125106	4.647424	0.761216	1.362176	6.770816
0	46.225378	4.647424	0.801280	1.362176	6.810880
0	46.325650	4.647424	0.761216	1.362176	6.770816
0	46.425922	4.647424	0.761216	1.362176	6.770816
0	46.526194	4.647424	0.761216	1.362176	6.770816
0	46.626466	4.607360	0.801280	1.362176	6.770816
0	46.726738	4.607360	0.801280	1.362176	6.770816
0	46.827010	4.607360	0.801280	1.362176	6.770816
0	46.927282	4.607360	0.801280	1.362176	6.770816
0	47.027554	4.607360	0.761216	1.362176	6.730752
0	47.127826	4.607360	0.761216	1.362176	6.730752
0	47.228098	4.607360	0.801280	1.362176	6.770816
0	47.328370	4.607360	0.801280	1.362176	6.770816
0	47.428642	4.607360	0.801280	1.362176	6.770816
0	47.528914	4.607360	0.761216	1.362176	6.730752
0	47.629186	4.607360	0.761216	1.362176	6.730752
0	47.729458	4.607360	0.801280	1.362176	6.770816
0	47.829730	4.607360	0.801280	1.362176	6.770816
0	47.930002	4.607360	0.761216	1.362176	6.730752
0	48.030274	4.607360	0.761216	1.362176	6.730752
0	48.130546	4.607360	0.761216	1.362176	6.730752
0	48.230818	4.607360	0.801280	1.362176	6.770816
0	48.331090	4.607360	0.801280	1.362176	6.770816
0	48.431362	4.607360	0.801280	1.362176	6.770816
0	48.531634	4.647424	0.801280	1.362176	6.810880
0	48.631906	4.647424	0.801280	1.362176	6.810880
0	48.732177	4.647424	0.801280	1.362176	6.810880
0	48.832449	4.687488	0.801280	1.362176	6.850944
0	48.932721	4.687488	0.801280	1.362176	6.850944
0	49.032993	4.687488	0.801280	1.362176	6.850944
0	49.133265	4.687488	0.801280	1.402240	6.891008
0	49.233537	4.687488	0.761216	1.402240	6.850944
0	49.333809	4.687488	0.801280	1.362176	6.850944
0	49.434081	4.687488	0.761216	1.362176	6.810880
0	49.534353	4.687488	0.761216	1.362176	6.810880
0	49.634625	4.687488	0.801280	1.402240	6.891008
0	49.734897	4.647424	0.801280	1.362176	6.810880
0	49.835169	4.647424	0.801280	1.362176	6.810880
0	49.935441	4.647424	0.801280	1.362176	6.810880
0	50.035713	4.647424	0.801280	1.362176	6.810880
0	50.135985	4.647424	0.801280	1.362176	6.810880
0	50.236257	4.647424	0.801280	1.362176	6.810880
0	50.336529	4.647424	0.801280	1.362176	6.810880
0	50.436801	4.647424	0.801280	1.362176	6.810880
0	50.537073	4.647424	0.801280	1.362176	6.810880
0	50.637345	4.647424	0.801280	1.362176	6.810880
0	50.737617	4.647424	0.801280	1.362176	6.810880
0	50.837889	4.647424	0.801280	1.362176	6.810880
0	50.938161	4.647424	0.801280	1.362176	6.810880
0	51.038433	4.647424	0.801280	1.362176	6.810880
0	51.138705	4.647424	0.801280	1.362176	6.810880
0	51.238977	4.647424	0.801280	1.362176	6.810880
0	51.339249	4.687488	0.801280	1.362176	6.850944
0	51.439521	4.687488	0.801280	1.362176	6.850944
0	51.539793	4.647424	0.801280	1.362176	6.810880
0	51.640065	4.647424	0.801280	1.362176	6.810880
0	51.740337	4.647424	0.801280	1.362176	6.810880
0	51.840609	4.647424	0.801280	1.362176	6.810880
0	51.940881	4.647424	0.801280	1.362176	6.810880
0	52.041153	4.647424	0.801280	1.362176	6.810880
0	52.141424	4.647424	0.801280	1.362176	6.810880
0	52.241696	4.647424	0.801280	1.362176	6.810880
0	52.341968	4.647424	0.801280	1.362176	6.810880
0	52.442240	4.647424	0.801280	1.362176	6.810880
0	52.542512	4.647424	0.801280	1.362176	6.810880
0	52.642784	4.647424	0.801280	1.362176	6.810880
0	52.743056	4.647424	0.801280	1.362176	6.810880
0	52.843328	4.647424	0.801280	1.362176	6.810880
0	52.943600	4.607360	0.761216	1.362176	6.730752
0	53.043872	4.607360	0.761216	1.362176	6.730752
0	53.144144	4.607360	0.761216	1.362176	6.730752
0	53.244416	4.607360	0.801280	1.362176	6.770816
0	53.344688	4.607360	0.801280	1.362176	6.770816
0	53.444960	4.607360	0.761216	1.362176	6.730752
0	53.545232	4.607360	0.801280	1.362176	6.770816
0	53.645504	4.607360	0.761216	1.362176	6.730752
0	53.745776	4.607360	0.761216	1.362176	6.730752
0	53.846048	4.607360	0.801280	1.362176	6.770816
0	53.946320	4.607360	0.801280	1.362176	6.770816
0	54.046592	4.607360	0.761216	1.362176	6.730752
0	54.146864	4.607360	0.761216	1.362176	6.730752
0	54.247136	4.607360	0.761216	1.362176	6.730752
0	54.347408	4.607360	0.761216	1.362176	6.730752
0	54.447680	4.607360	0.761216	1.362176	6.730752
0	54.547952	4.607360	0.761216	1.362176	6.730752
0	54.648224	4.607360	0.801280	1.362176	6.770816
0	54.748496	4.647424	0.801280	1.362176	6.810880
0	54.848768	4.647424	0.801280	1.362176	6.810880
0	54.949040	4.647424	0.801280	1.362176	6.810880
0	55.049312	4.647424	0.801280	1.362176	6.810880
0	55.149584	4.647424	0.801280	1.362176	6.810880
0	55.249856	4.647424	0.761216	1.362176	6.770816
0	55.350128	4.687488	0.761216	1.362176	6.810880
0	55.450399	4.687488	0.801280	1.362176	6.850944
0	55.550671	4.687488	0.761216	1.362176	6.810880
0	55.650943	4.687488	0.761216	1.362176	6.810880
0	55.751215	4.687488	0.801280	1.362176	6.850944
0	55.851487	4.687488	0.801280	1.402240	6.891008
0	55.951759	4.647424	0.801280	1.362176	6.810880
0	56.052031	4.647424	0.801280	1.362176	6.810880
0	56.152303	4.647424	0.801280	1.362176	6.810880
0	56.252575	4.647424	0.801280	1.362176	6.810880
0	56.352847	4.647424	0.801280	1.362176	6.810880
0	56.453119	4.647424	0.801280	1.362176	6.810880
0	56.553391	4.647424	0.801280	1.362176	6.810880
0	56.653663	4.647424	0.801280	1.362176	6.810880
0	56.753935	4.647424	0.801280	1.362176	6.810880
