Set_id	Time	Line 0	Line 1	Line 2	Sum
0	0.000000	4.607360	0.720000	1.360000	6.687360
0	0.100262	4.567296	0.680000	1.362176	6.609472
0	0.200524	4.527232	0.640000	1.362176	6.529408
0	0.300787	4.487168	0.600000	1.362176	6.449344
0	0.401049	4.447104	0.600000	1.362176	6.409280
0	0.501311	4.407040	0.560896	1.362176	6.330112
0	0.601573	4.407040	0.560896	1.362176	6.330112
0	0.701836	4.366976	0.560896	1.362176	6.290048
0	0.802098	4.366976	0.560896	1.362176	6.290048
0	0.902360	4.366976	0.520832	1.362176	6.249984
0	1.002622	4.366976	0.520832	1.362176	6.249984
0	1.102885	4.366976	0.520832	1.362176	6.249984
0	1.203147	4.366976	0.520832	1.362176	6.249984
0	1.303409	4.366976	0.520832	1.362176	6.249984
0	1.403671	4.366976	0.520832	1.362176	6.249984
0	1.503934	4.326912	0.520832	1.362176	6.209920
0	1.604196	4.326912	0.520832	1.362176	6.209920
0	1.704458	4.326912	0.520832	1.362176	6.209920
0	1.804720	4.326912	0.520832	1.362176	6.209920
0	1.904983	4.326912	0.520832	1.362176	6.209920
0	2.005245	4.326912	0.520832	1.362176	6.209920
0	2.105507	4.326912	0.520832	1.362176	6.209920
0	2.205769	4.326912	0.520832	1.362176	6.209920
0	2.306031	4.326912	0.520832	1.362176	6.209920
0	2.406294	4.326912	0.520832	1.362176	6.209920
0	2.506556	4.326912	0.520832	1.362176	6.209920
0	2.606818	4.326912	0.520832	1.362176	6.209920
0	2.707080	4.326912	0.520832	1.362176	6.209920
0	2.807343	4.326912	0.520832	1.362176	6.209920
0	2.907605	4.326912	0.520832	1.362176	6.209920
0	3.007867	4.326912	0.520832	1.362176	6.209920
0	3.108129	4.326912	0.520832	1.362176	6.209920
0	3.208392	4.366976	0.520832	1.362176	6.249984
0	3.308654	4.366976	0.520832	1.362176	6.249984
0	3.408916	4.366976	0.520832	1.362176	6.249984
0	3.509178	4.366976	0.520832	1.362176	6.249984
0	3.609441	4.366976	0.520832	1.362176	6.249984
0	3.709703	4.366976	0.520832	1.362176	6.249984
0	3.809965	4.366976	0.520832	1.362176	6.249984
0	3.910227	4.366976	0.520832	1.362176	6.249984
0	4.010489	4.366976	0.520832	1.362176	6.249984
0	4.110752	4.366976	0.520832	1.362176	6.249984
0	4.211014	4.366976	0.520832	1.362176	6.249984
0	4.311276	4.366976	0.520832	1.362176	6.249984
0	4.411538	4.366976	0.520832	1.362176	6.249984
0	4.511801	4.366976	0.520832	1.362176	6.249984
0	4.612063	4.366976	0.520832	1.362176	6.249984
0	4.712325	4.366976	0.520832	1.362176	6.249984
0	4.812587	4.366976	0.520832	1.362176	6.249984
0	4.912850	4.326912	0.520832	1.362176	6.209920
0	5.013112	4.326912	0.520832	1.362176	6.209920
0	5.113374	4.326912	0.520832	1.362176	6.209920
0	5.213636	4.326912	0.520832	1.362176	6.209920
0	5.313899	4.326912	0.520832	1.362176	6.209920
0	5.414161	4.326912	0.520832	1.362176	6.209920
0	5.514423	4.326912	0.520832	1.362176	6.209920
0	5.614685	4.326912	0.520832	1.362176	6.209920
0	5.714948	4.326912	0.520832	1.362176	6.209920
0	5.815210	4.326912	0.520832	1.362176	6.209920
0	5.915472	4.326912	0.520832	1.362176	6.209920
0	6.015734	4.326912	0.520832	1.362176	6.209920
0	6.115996	4.326912	0.520832	1.362176	6.209920
0	6.216259	4.326912	0.520832	1.362176	6.209920
0	6.316521	4.326912	0.520832	1.362176	6.209920
0	6.416783	4.326912	0.520832	1.362176	6.209920
0	6.517045	4.326912	0.520832	1.362176	6.209920
0	6.617308	4.326912	0.520832	1.362176	6.209920
0	6.717570	4.326912	0.520832	1.362176	6.209920
0	6.817832	4.326912	0.520832	1.362176	6.209920
0	6.918094	4.326912	0.520832	1.362176	6.209920
0	7.018357	4.326912	0.520832	1.362176	6.209920
0	7.118619	4.326912	0.520832	1.362176	6.209920
0	7.218881	4.326912	0.520832	1.362176	6.209920
0	7.319143	4.326912	0.520832	1.362176	6.209920
0	7.419406	4.326912	0.520832	1.362176	6.209920
0	7.519668	4.326912	0.520832	1.362176	6.209920
0	7.619930	4.326912	0.520832	1.362176	6.209920
0	7.720192	4.326912	0.520832	1.362176	6.209920
0	7.820454	4.326912	0.520832	1.362176	6.209920
0	7.920717	4.326912	0.520832	1.362176	6.209920
0	8.020979	4.326912	0.520832	1.362176	6.209920
0	8.121241	4.326912	0.520832	1.362176	6.209920
0	8.221503	4.326912	0.520832	1.362176	6.209920
0	8.321766	4.326912	0.520832	1.362176	6.209920
0	8.422028	4.326912	0.520832	1.362176	6.209920
0	8.522290	4.326912	0.520832	1.362176	6.209920
0	8.622552	4.326912	0.520832	1.362176	6.209920
0	8.722815	4.326912	0.520832	1.362176	6.209920
0	8.823077	4.326912	0.520832	1.362176	6.209920
0	8.923339	4.326912	0.520832	1.362176	6.209920
0	9.023601	4.326912	0.520832	1.362176	6.209920
0	9.123864	4.326912	0.520832	1.362176	6.209920
0	9.224126	4.326912	0.520832	1.362176	6.209920
0	9.324388	4.326912	0.520832	1.362176	6.209920
0	9.424650	4.326912	0.520832	1.362176	6.209920
0	9.524913	4.326912	0.520832	1.362176	6.209920
0	9.625175	4.326912	0.520832	1.362176	6.209920
0	9.725437	4.366976	0.520832	1.362176	6.249984
0	9.825699	4.366976	0.520832	1.362176	6.249984
0	9.925961	4.366976	0.520832	1.362176	6.249984
0	10.026224	4.366976	0.520832	1.362176	6.249984
0	10.126486	4.366976	0.520832	1.362176	6.249984
0	10.226748	4.366976	0.520832	1.362176	6.249984
0	10.327010	4.366976	0.520832	1.362176	6.249984
0	10.427273	4.366976	0.520832	1.362176	6.249984
0	10.527535	4.366976	0.520832	1.362176	6.249984
0	10.627797	4.366976	0.520832	1.362176	6.249984
0	10.728059	4.366976	0.520832	1.362176	6.249984
0	10.828322	4.366976	0.520832	1.362176	6.249984
0	10.928584	4.366976	0.520832	1.362176	6.249984
0	11.028846	4.366976	0.520832	1.362176	6.249984
0	11.129108	4.326912	0.520832	1.362176	6.209920
0	11.229371	4.326912	0.520832	1.362176	6.209920
0	11.329633	4.326912	0.520832	1.362176	6.209920
0	11.429895	4.326912	0.520832	1.362176	6.209920
0	11.530157	4.326912	0.520832	1.362176	6.209920
0	11.630419	4.326912	0.520832	1.362176	6.209920
0	11.730682	4.326912	0.520832	1.362176	6.209920
0	11.830944	4.326912	0.520832	1.362176	6.209920
0	11.931206	4.326912	0.520832	1.362176	6.209920
0	12.031468	4.326912	0.520832	1.362176	6.209920
0	12.131731	4.326912	0.520832	1.362176	6.209920
0	12.231993	4.326912	0.520832	1.362176	6.209920
0	12.332255	4.326912	0.520832	1.362176	6.209920
0	12.432517	4.326912	0.520832	1.362176	6.209920
0	12.532780	4.326912	0.520832	1.362176	6.209920
0	12.633042	4.326912	0.520832	1.362176	6.209920
0	12.733304	4.326912	0.520832	1.362176	6.209920
0	12.833566	4.326912	0.520832	1.362176	6.209920
0	12.933829	4.326912	0.520832	1.362176	6.209920
0	13.034091	4.326912	0.520832	1.362176	6.209920
0	13.134353	4.326912	0.520832	1.362176	6.209920
0	13.234615	4.326912	0.520832	1.362176	6.209920
0	13.334878	4.326912	0.520832	1.362176	6.209920
0	13.435140	4.326912	0.520832	1.362176	6.209920
0	13.535402	4.326912	0.520832	1.362176	6.209920
0	13.635664	4.326912	0.520832	1.362176	6.209920
0	13.735926	4.326912	0.520832	1.362176	6.209920
0	13.836189	4.326912	0.520832	1.362176	6.209920
0	13.936451	4.326912	0.520832	1.362176	6.209920
0	14.036713	4.326912	0.520832	1.362176	6.209920
0	14.136975	4.326912	0.520832	1.362176	6.209920
0	14.237238	4.326912	0.520832	1.362176	6.209920
0	14.337500	4.326912	0.520832	1.362176	6.209920
0	14.437762	4.326912	0.520832	1.362176	6.209920
0	14.538024	4.326912	0.520832	1.362176	6.209920
0	14.638287	4.326912	0.520832	1.362176	6.209920
0	14.738549	4.326912	0.520832	1.362176	6.209920
0	14.838811	4.326912	0.520832	1.362176	6.209920
0	14.939073	4.326912	0.520832	1.362176	6.209920
0	15.039336	4.326912	0.520832	1.362176	6.209920
0	15.139598	4.326912	0.520832	1.362176	6.209920
0	15.239860	4.326912	0.520832	1.362176	6.209920
0	15.340122	4.326912	0.520832	1.362176	6.209920
0	15.440384	4.326912	0.520832	1.362176	6.209920
0	15.540647	4.326912	0.520832	1.362176	6.209920
0	15.640909	4.326912	0.520832	1.362176	6.209920
0	15.741171	4.326912	0.520832	1.362176	6.209920
0	15.841433	4.326912	0.520832	1.362176	6.209920
0	15.941696	4.366976	0.520832	1.362176	6.249984
0	16.041958	4.366976	0.520832	1.362176	6.249984
0	16.142220	4.366976	0.520832	1.362176	6.249984
0	16.242482	4.366976	0.520832	1.362176	6.249984
0	16.342745	4.366976	0.520832	1.362176	6.249984
0	16.443007	4.366976	0.520832	1.362176	6.249984
0	16.543269	4.366976	0.520832	1.362176	6.249984
0	16.643531	4.366976	0.520832	1.362176	6.249984
0	16.743794	4.366976	0.520832	1.362176	6.249984
0	16.844056	4.407040	0.520832	1.362176	6.290048
0	16.944318	4.407040	0.520832	1.362176	6.290048
0	17.044580	4.407040	0.520832	1.362176	6.290048
0	17.144843	4.407040	0.520832	1.362176	6.290048
0	17.245105	4.366976	0.520832	1.362176	6.249984
0	17.345367	4.366976	0.520832	1.362176	6.249984
0	17.445629	4.366976	0.520832	1.362176	6.249984
0	17.545891	4.366976	0.520832	1.362176	6.249984
0	17.646154	4.366976	0.520832	1.362176	6.249984
0	17.746416	4.366976	0.520832	1.362176	6.249984
0	17.846678	4.326912	0.520832	1.362176	6.209920
0	17.946940	4.326912	0.520832	1.362176	6.209920
0	18.047203	4.326912	0.520832	1.362176	6.209920
0	18.147465	4.326912	0.520832	1.362176	6.209920
0	18.247727	4.326912	0.520832	1.362176	6.209920
0	18.347989	4.326912	0.520832	1.362176	6.209920
0	18.448252	4.326912	0.520832	1.362176	6.209920
0	18.548514	4.326912	0.520832	1.362176	6.209920
0	18.648776	4.326912	0.520832	1.362176	6.209920
0	18.749038	4.326912	0.520832	1.362176	6.209920
0	18.849301	4.326912	0.520832	1.362176	6.209920
0	18.949563	4.326912	0.520832	1.362176	6.209920
0	19.049825	4.326912	0.520832	1.362176	6.209920
0	19.150087	4.326912	0.520832	1.362176	6.209920
0	19.250350	4.326912	0.520832	1.362176	6.209920
0	19.350612	4.326912	0.520832	1.362176	6.209920
0	19.450874	4.326912	0.520832	1.362176	6.209920
0	19.551136	4.326912	0.520832	1.362176	6.209920
0	19.651398	4.326912	0.520832	1.362176	6.209920
0	19.751661	4.326912	0.520832	1.362176	6.209920
0	19.851923	4.326912	0.520832	1.362176	6.209920
0	19.952185	4.326912	0.520832	1.362176	6.209920
0	20.052447	4.326912	0.520832	1.362176	6.209920
0	20.152710	4.326912	0.520832	1.362176	6.209920
0	20.252972	4.326912	0.520832	1.362176	6.209920
0	20.353234	4.326912	0.520832	1.362176	6.209920
0	20.453496	4.326912	0.520832	1.362176	6.209920
0	20.553759	4.326912	0.520832	1.362176	6.209920
0	20.654021	4.326912	0.520832	1.362176	6.209920
0	20.754283	4.326912	0.520832	1.362176	6.209920
0	20.854545	4.326912	0.520832	1.362176	6.209920
0	20.954808	4.326912	0.520832	1.362176	6.209920
0	21.055070	4.326912	0.520832	1.362176	6.209920
0	21.155332	4.326912	0.520832	1.362176	6.209920
0	21.255594	4.326912	0.520832	1.362176	6.209920
0	21.355856	4.326912	0.520832	1.362176	6.209920
0	21.456119	4.326912	0.520832	1.362176	6.209920
0	21.556381	4.326912	0.520832	1.362176	6.209920
0	21.656643	4.326912	0.520832	1.362176	6.209920
0	21.756905	4.326912	0.520832	1.362176	6.209920
0	21.857168	4.326912	0.520832	1.362176	6.209920
0	21.957430	4.326912	0.520832	1.362176	6.209920
0	22.057692	4.326912	0.520832	1.362176	6.209920
0	22.157954	4.326912	0.520832	1.362176	6.209920
0	22.258217	4.326912	0.520832	1.362176	6.209920
0	22.358479	4.366976	0.520832	1.362176	6.249984
0	22.458741	4.366976	0.520832	1.362176	6.249984
0	22.559003	4.366976	0.520832	1.362176	6.249984
0	22.659266	4.366976	0.520832	1.362176	6.249984
0	22.759528	4.366976	0.520832	1.362176	6.249984
0	22.859790	4.366976	0.520832	1.362176	6.249984
0	22.960052	4.366976	0.520832	1.362176	6.249984
0	23.060315	4.366976	0.520832	1.362176	6.249984
0	23.160577	4.366976	0.520832	1.362176	6.249984
0	23.260839	4.407040	0.520832	1.362176	6.290048
0	23.361101	4.407040	0.520832	1.362176	6.290048
0	23.461363	4.407040	0.520832	1.362176	6.290048
0	23.561626	4.407040	0.520832	1.362176	6.290048
0	23.661888	4.407040	0.520832	1.362176	6.290048
0	23.762150	4.366976	0.520832	1.362176	6.249984
0	23.862412	4.366976	0.520832	1.362176	6.249984
0	23.962675	4.366976	0.520832	1.362176	6.249984
0	24.062937	4.366976	0.520832	1.362176	6.249984
0	24.163199	4.366976	0.520832	1.362176	6.249984
0	24.263461	4.366976	0.520832	1.362176	6.249984
0	24.363724	4.366976	0.520832	1.362176	6.249984
0	24.463986	4.366976	0.520832	1.362176	6.249984
0	24.564248	4.326912	0.520832	1.362176	6.209920
0	24.664510	4.326912	0.520832	1.362176	6.209920
0	24.764773	4.326912	0.520832	1.362176	6.209920
0	24.865035	4.326912	0.520832	1.362176	6.209920
0	24.965297	4.326912	0.520832	1.362176	6.209920
0	25.065559	4.326912	0.520832	1.362176	6.209920
0	25.165821	4.326912	0.520832	1.362176	6.209920
0	25.266084	4.326912	0.520832	1.362176	6.209920
0	25.366346	4.326912	0.520832	1.362176	6.209920
0	25.466608	4.326912	0.520832	1.362176	6.209920
0	25.566870	4.326912	0.520832	1.362176	6.209920
0	25.667133	4.326912	0.520832	1.362176	6.209920
0	25.767395	4.326912	0.520832	1.362176	6.209920
0	25.867657	4.326912	0.520832	1.362176	6.209920
0	25.967919	4.326912	0.520832	1.362176	6.209920
0	26.068182	4.326912	0.520832	1.362176	6.209920
0	26.168444	4.326912	0.520832	1.362176	6.209920
0	26.268706	4.326912	0.520832	1.362176	6.209920
0	26.368968	4.326912	0.520832	1.362176	6.209920
0	26.469231	4.326912	0.520832	1.362176	6.209920
0	26.569493	4.326912	0.520832	1.362176	6.209920
0	26.669755	4.326912	0.520832	1.362176	6.209920
0	26.770017	4.326912	0.520832	1.362176	6.209920
0	26.870280	4.326912	0.520832	1.362176	6.209920
0	26.970542	4.326912	0.520832	1.362176	6.209920
0	27.070804	4.326912	0.520832	1.362176	6.209920
0	27.171066	4.326912	0.520832	1.362176	6.209920
0	27.271328	4.326912	0.520832	1.362176	6.209920
0	27.371591	4.326912	0.520832	1.362176	6.209920
0	27.471853	4.326912	0.520832	1.362176	6.209920
0	27.572115	4.326912	0.520832	1.362176	6.209920
0	27.672377	4.326912	0.520832	1.362176	6.209920
0	27.772640	4.326912	0.520832	1.362176	6.209920
0	27.872902	4.326912	0.520832	1.362176	6.209920
0	27.973164	4.326912	0.520832	1.362176	6.209920
0	28.073426	4.326912	0.520832	1.362176	6.209920
0	28.173689	4.326912	0.520832	1.362176	6.209920
0	28.273951	4.326912	0.520832	1.362176	6.209920
0	28.374213	4.326912	0.520832	1.362176	6.209920
0	28.474475	4.326912	0.520832	1.362176	6.209920
0	28.574738	4.326912	0.520832	1.362176	6.209920
0	28.675000	4.326912	0.520832	1.362176	6.209920
0	28.775262	4.366976	0.520832	1.362176	6.249984
0	28.875524	4.366976	0.520832	1.362176	6.249984
0	28.975786	4.366976	0.520832	1.362176	6.249984
0	29.076049	4.366976	0.520832	1.362176	6.249984
0	29.176311	4.366976	0.520832	1.362176	6.249984
0	29.276573	4.366976	0.520832	1.362176	6.249984
0	29.376835	4.366976	0.520832	1.362176	6.249984
0	29.477098	4.366976	0.520832	1.362176	6.249984
0	29.577360	4.366976	0.520832	1.362176	6.249984
0	29.677622	4.366976	0.520832	1.362176	6.249984
0	29.777884	4.366976	0.520832	1.362176	6.249984
0	29.878147	4.366976	0.520832	1.362176	6.249984
0	29.978409	4.366976	0.520832	1.362176	6.249984
0	30.078671	4.366976	0.520832	1.362176	6.249984
0	30.178933	4.366976	0.520832	1.362176	6.249984
0	30.279196	4.366976	0.520832	1.362176	6.249984
0	30.379458	4.366976	0.520832	1.362176	6.249984
0	30.479720	4.326912	0.520832	1.362176	6.209920
0	30.579982	4.326912	0.520832	1.362176	6.209920
0	30.680245	4.326912	0.520832	1.362176	6.209920
0	30.780507	4.326912	0.520832	1.362176	6.209920
0	30.880769	4.326912	0.520832	1.362176	6.209920
0	30.981031	4.326912	0.520832	1.362176	6.209920
0	31.081293	4.326912	0.480768	1.362176	6.169856
0	31.181556	4.326912	0.480768	1.362176	6.169856
0	31.281818	4.326912	0.520832	1.362176	6.209920
0	31.382080	4.326912	0.520832	1.362176	6.209920
0	31.482342	4.326912	0.520832	1.362176	6.209920
0	31.582605	4.326912	0.520832	1.362176	6.209920
0	31.682867	4.326912	0.520832	1.362176	6.209920
0	31.783129	4.326912	0.520832	1.362176	6.209920
0	31.883391	4.326912	0.520832	1.362176	6.209920
0	31.983654	4.326912	0.520832	1.362176	6.209920
0	32.083916	4.326912	0.520832	1.362176	6.209920
0	32.184178	4.326912	0.520832	1.362176	6.209920
0	32.284440	4.326912	0.520832	1.362176	6.209920
0	32.384703	4.326912	0.520832	1.362176	6.209920
0	32.484965	4.326912	0.520832	1.362176	6.209920
0	32.585227	4.326912	0.520832	1.362176	6.209920
0	32.685489	4.326912	0.520832	1.362176	6.209920
0	32.785752	4.326912	0.520832	1.362176	6.209920
0	32.886014	4.326912	0.520832	1.362176	6.209920
0	32.986276	4.326912	0.520832	1.362176	6.209920
0	33.086538	4.326912	0.520832	1.362176	6.209920
0	33.186800	4.326912	0.520832	1.362176	6.209920
0	33.287063	4.326912	0.520832	1.362176	6.209920
0	33.387325	4.326912	0.520832	1.362176	6.209920
0	33.487587	4.326912	0.520832	1.362176	6.209920
0	33.587849	4.326912	0.480768	1.362176	6.169856
0	33.688112	4.326912	0.480768	1.362176	6.169856
0	33.788374	4.326912	0.480768	1.362176	6.169856
0	33.888636	4.326912	0.520832	1.362176	6.209920
0	33.988898	4.326912	0.480768	1.362176	6.169856
0	34.089161	4.326912	0.520832	1.362176	6.209920
0	34.189423	4.326912	0.520832	1.362176	6.209920
0	34.289685	4.326912	0.520832	1.362176	6.209920
0	34.389947	4.326912	0.480768	1.362176	6.169856
0	34.490210	4.326912	0.480768	1.362176	6.169856
0	34.590472	4.326912	0.480768	1.362176	6.169856
0	34.690734	4.326912	0.480768	1.362176	6.169856
0	34.790996	4.326912	0.480768	1.362176	6.169856
0	34.891258	4.326912	0.480768	1.362176	6.169856
0	34.991521	4.326912	0.480768	1.362176	6.169856
0	35.091783	4.326912	0.480768	1.362176	6.169856
0	35.192045	4.326912	0.480768	1.362176	6.169856
0	35.292307	4.366976	0.520832	1.362176	6.249984
0	35.392570	4.366976	0.480768	1.362176	6.209920
0	35.492832	4.366976	0.520832	1.362176	6.249984
0	35.593094	4.366976	0.520832	1.362176	6.249984
0	35.693356	4.366976	0.520832	1.362176	6.249984
0	35.793619	4.366976	0.520832	1.362176	6.249984
0	35.893881	4.366976	0.520832	1.362176	6.249984
0	35.994143	4.366976	0.520832	1.362176	6.249984
0	36.094405	4.366976	0.520832	1.362176	6.249984
0	36.194668	4.366976	0.520832	1.362176	6.249984
0	36.294930	4.366976	0.520832	1.362176	6.249984
0	36.395192	4.407040	0.520832	1.362176	6.290048
0	36.495454	4.366976	0.520832	1.362176	6.249984
0	36.595717	4.366976	0.520832	1.362176	6.249984
0	36.695979	4.366976	0.520832	1.362176	6.249984
0	36.796241	4.366976	0.520832	1.362176	6.249984
0	36.896503	4.326912	0.520832	1.362176	6.209920
0	36.996765	4.326912	0.520832	1.362176	6.209920
0	37.097028	4.326912	0.520832	1.362176	6.209920
0	37.197290	4.326912	0.520832	1.362176	6.209920
0	37.297552	4.326912	0.520832	1.362176	6.209920
0	37.397814	4.326912	0.520832	1.362176	6.209920
0	37.498077	4.326912	0.520832	1.362176	6.209920
0	37.598339	4.326912	0.520832	1.362176	6.209920
0	37.698601	4.326912	0.520832	1.362176	6.209920
0	37.798863	4.326912	0.520832	1.362176	6.209920
0	37.899126	4.326912	0.520832	1.362176	6.209920
0	37.999388	4.326912	0.520832	1.362176	6.209920
0	38.099650	4.326912	0.520832	1.362176	6.209920
0	38.199912	4.326912	0.520832	1.362176	6.209920
0	38.300175	4.326912	0.520832	1.362176	6.209920
0	38.400437	4.326912	0.520832	1.362176	6.209920
0	38.500699	4.326912	0.520832	1.362176	6.209920
0	38.600961	4.326912	0.480768	1.362176	6.169856
0	38.701223	4.326912	0.520832	1.362176	6.209920
0	38.801486	4.326912	0.520832	1.362176	6.209920
0	38.901748	4.326912	0.520832	1.362176	6.209920
0	39.002010	4.326912	0.520832	1.362176	6.209920
0	39.102272	4.326912	0.480768	1.362176	6.169856
0	39.202535	4.326912	0.480768	1.362176	6.169856
0	39.302797	4.326912	0.520832	1.362176	6.209920
0	39.403059	4.326912	0.520832	1.362176	6.209920
0	39.503321	4.326912	0.520832	1.362176	6.209920
0	39.603584	4.326912	0.480768	1.362176	6.169856
0	39.703846	4.326912	0.520832	1.362176	6.209920
0	39.804108	4.326912	0.520832	1.362176	6.209920
0	39.904370	4.326912	0.520832	1.362176	6.209920
0	40.004633	4.326912	0.520832	1.362176	6.209920
0	40.104895	4.326912	0.520832	1.362176	6.209920
0	40.205157	4.326912	0.520832	1.362176	6.209920
0	40.305419	4.326912	0.520832	1.362176	6.209920
0	40.405682	4.326912	0.520832	1.362176	6.209920
0	40.505944	4.326912	0.520832	1.362176	6.209920
0	40.606206	4.326912	0.520832	1.362176	6.209920
0	40.706468	4.326912	0.520832	1.362176	6.209920
0	40.806730	4.326912	0.520832	1.362176	6.209920
0	40.906993	4.326912	0.520832	1.362176	6.209920
0	41.007255	4.326912	0.520832	1.362176	6.209920
0	41.107517	4.326912	0.520832	1.362176	6.209920
0	41.207779	4.326912	0.520832	1.362176	6.209920
0	41.308042	4.326912	0.520832	1.362176	6.209920
0	41.408304	4.326912	0.520832	1.362176	6.209920
0	41.508566	4.326912	0.520832	1.362176	6.209920
0	41.608828	4.326912	0.520832	1.362176	6.209920
0	41.709091	4.366976	0.520832	1.362176	6.249984
0	41.809353	4.407040	0.520832	1.362176	6.290048
0	41.909615	4.447104	0.520832	1.362176	6.330112
0	42.009877	4.447104	0.560896	1.362176	6.370176
0	42.110140	4.447104	0.520832	1.362176	6.330112
0	42.210402	4.407040	0.520832	1.362176	6.290048
0	42.310664	4.407040	0.520832	1.362176	6.290048
0	42.410926	4.407040	0.520832	1.362176	6.290048
0	42.511188	4.407040	0.520832	1.362176	6.290048
0	42.611451	4.407040	0.520832	1.362176	6.290048
0	42.711713	4.407040	0.520832	1.362176	6.290048
0	42.811975	4.407040	0.520832	1.362176	6.290048
0	42.912237	4.366976	0.520832	1.362176	6.249984
0	43.012500	4.366976	0.520832	1.362176	6.249984
0	43.112762	4.366976	0.520832	1.362176	6.249984
0	43.213024	4.326912	0.520832	1.362176	6.209920
0	43.313286	4.326912	0.520832	1.362176	6.209920
0	43.413549	4.326912	0.520832	1.362176	6.209920
0	43.513811	4.326912	0.520832	1.362176	6.209920
0	43.614073	4.326912	0.520832	1.362176	6.209920
0	43.714335	4.326912	0.520832	1.362176	6.209920
0	43.814598	4.326912	0.520832	1.362176	6.209920
0	43.914860	4.326912	0.520832	1.362176	6.209920
0	44.015122	4.326912	0.520832	1.362176	6.209920
0	44.115384	4.326912	0.520832	1.362176	6.209920
0	44.215647	4.326912	0.520832	1.362176	6.209920
0	44.315909	4.326912	0.520832	1.362176	6.209920
0	44.416171	4.326912	0.520832	1.362176	6.209920
0	44.516433	4.326912	0.520832	1.362176	6.209920
0	44.616695	4.326912	0.520832	1.362176	6.209920
0	44.716958	4.326912	0.520832	1.362176	6.209920
0	44.817220	4.326912	0.520832	1.362176	6.209920
0	44.917482	4.326912	0.520832	1.362176	6.209920
0	45.017744	4.326912	0.520832	1.362176	6.209920
0	45.118007	4.326912	0.520832	1.362176	6.209920
0	45.218269	4.326912	0.520832	1.362176	6.209920
0	45.318531	4.326912	0.520832	1.362176	6.209920
0	45.418793	4.326912	0.520832	1.362176	6.209920
0	45.519056	4.326912	0.520832	1.362176	6.209920
0	45.619318	4.326912	0.520832	1.362176	6.209920
0	45.719580	4.326912	0.520832	1.362176	6.209920
0	45.819842	4.326912	0.520832	1.362176	6.209920
0	45.920105	4.326912	0.520832	1.362176	6.209920
0	46.020367	4.326912	0.520832	1.362176	6.209920
0	46.120629	4.326912	0.520832	1.362176	6.209920
0	46.220891	4.326912	0.520832	1.362176	6.209920
0	46.321153	4.326912	0.520832	1.362176	6.209920
0	46.421416	4.326912	0.520832	1.362176	6.209920
0	46.521678	4.326912	0.520832	1.362176	6.209920
0	46.621940	4.326912	0.520832	1.362176	6.209920
0	46.722202	4.326912	0.520832	1.362176	6.209920
0	46.822465	4.326912	0.520832	1.362176	6.209920
0	46.922727	4.326912	0.520832	1.362176	6.209920
0	47.022989	4.326912	0.520832	1.362176	6.209920
0	47.123251	4.326912	0.520832	1.362176	6.209920
0	47.223514	4.326912	0.480768	1.362176	6.169856
0	47.323776	4.326912	0.520832	1.362176	6.209920
0	47.424038	4.326912	0.520832	1.362176	6.209920
0	47.524300	4.326912	0.520832	1.362176	6.209920
0	47.624563	4.326912	0.520832	1.362176	6.209920
0	47.724825	4.326912	0.520832	1.362176	6.209920
0	47.825087	4.326912	0.520832	1.362176	6.209920
0	47.925349	4.326912	0.520832	1.362176	6.209920
0	48.025612	4.366976	0.520832	1.362176	6.249984
0	48.125874	4.366976	0.520832	1.362176	6.249984
0	48.226136	4.366976	0.520832	1.362176	6.249984
0	48.326398	4.366976	0.520832	1.362176	6.249984
0	48.426660	4.366976	0.520832	1.362176	6.249984
0	48.526923	4.366976	0.520832	1.362176	6.249984
0	48.627185	4.366976	0.520832	1.362176	6.249984
0	48.727447	4.366976	0.520832	1.362176	6.249984
0	48.827709	4.366976	0.520832	1.362176	6.249984
0	48.927972	4.366976	0.520832	1.362176	6.249984
0	49.028234	4.366976	0.520832	1.362176	6.249984
0	49.128496	4.366976	0.520832	1.362176	6.249984
0	49.228758	4.366976	0.520832	1.362176	6.249984
0	49.329021	4.366976	0.520832	1.362176	6.249984
0	49.429283	4.366976	0.520832	1.362176	6.249984
0	49.529545	4.366976	0.520832	1.362176	6.249984
0	49.629807	4.366976	0.520832	1.362176	6.249984
0	49.730070	4.326912	0.520832	1.362176	6.209920
0	49.830332	4.326912	0.520832	1.362176	6.209920
0	49.930594	4.326912	0.520832	1.362176	6.209920
0	50.030856	4.326912	0.520832	1.362176	6.209920
0	50.131119	4.326912	0.520832	1.362176	6.209920
0	50.231381	4.326912	0.520832	1.362176	6.209920
0	50.331643	4.326912	0.520832	1.362176	6.209920
0	50.431905	4.326912	0.520832	1.362176	6.209920
0	50.532167	4.326912	0.520832	1.362176	6.209920
0	50.632430	4.326912	0.520832	1.362176	6.209920
0	50.732692	4.326912	0.520832	1.362176	6.209920
0	50.832954	4.326912	0.520832	1.362176	6.209920
0	50.933216	4.326912	0.520832	1.362176	6.209920
0	51.033479	4.326912	0.520832	1.362176	6.209920
0	51.133741	4.326912	0.520832	1.362176	6.209920
0	51.234003	4.326912	0.520832	1.362176	6.209920
0	51.334265	4.326912	0.520832	1.362176	6.209920
0	51.434528	4.326912	0.520832	1.362176	6.209920
0	51.534790	4.326912	0.520832	1.362176	6.209920
0	51.635052	4.326912	0.520832	1.362176	6.209920
0	51.735314	4.326912	0.520832	1.362176	6.209920
0	51.835577	4.326912	0.520832	1.362176	6.209920
0	51.935839	4.326912	0.520832	1.362176	6.209920
0	52.036101	4.326912	0.520832	1.362176	6.209920
0	52.136363	4.326912	0.520832	1.362176	6.209920
0	52.236625	4.326912	0.520832	1.362176	6.209920
0	52.336888	4.326912	0.520832	1.362176	6.209920
0	52.437150	4.366976	0.520832	1.362176	6.249984
0	52.537412	4.366976	0.520832	1.362176	6.249984
0	52.637674	4.326912	0.520832	1.362176	6.209920
0	52.737937	4.326912	0.520832	1.362176	6.209920
0	52.838199	4.326912	0.520832	1.362176	6.209920
0	52.938461	4.326912	0.520832	1.362176	6.209920
0	53.038723	4.326912	0.520832	1.362176	6.209920
0	53.138986	4.326912	0.520832	1.362176	6.209920
0	53.239248	4.326912	0.520832	1.362176	6.209920
0	53.339510	4.326912	0.520832	1.362176	6.209920
0	53.439772	4.326912	0.520832	1.362176	6.209920
0	53.540035	4.326912	0.520832	1.362176	6.209920
0	53.640297	4.326912	0.520832	1.362176	6.209920
0	53.740559	4.326912	0.520832	1.362176	6.209920
0	53.840821	4.326912	0.520832	1.362176	6.209920
0	53.941084	4.326912	0.520832	1.362176	6.209920
0	54.041346	4.326912	0.520832	1.362176	6.209920
0	54.141608	4.326912	0.520832	1.362176	6.209920
0	54.241870	4.326912	0.520832	1.362176	6.209920
0	54.342132	4.326912	0.520832	1.362176	6.209920
0	54.442395	4.326912	0.520832	1.362176	6.209920
0	54.542657	4.366976	0.520832	1.362176	6.249984
0	54.642919	4.366976	0.520832	1.362176	6.249984
0	54.743181	4.366976	0.520832	1.362176	6.249984
0	54.843444	4.366976	0.520832	1.362176	6.249984
0	54.943706	4.366976	0.520832	1.362176	6.249984
0	55.043968	4.366976	0.520832	1.362176	6.249984
0	55.144230	4.366976	0.520832	1.362176	6.249984
0	55.244493	4.366976	0.520832	1.362176	6.249984
0	55.344755	4.366976	0.520832	1.362176	6.249984
0	55.445017	4.366976	0.520832	1.362176	6.249984
0	55.545279	4.366976	0.520832	1.362176	6.249984
0	55.645542	4.366976	0.520832	1.362176	6.249984
0	55.745804	4.366976	0.520832	1.362176	6.249984
0	55.846066	4.366976	0.520832	1.362176	6.249984
0	55.946328	4.366976	0.520832	1.362176	6.249984
0	56.046590	4.326912	0.520832	1.362176	6.209920
0	56.146853	4.326912	0.520832	1.362176	6.209920
0	56.247115	4.326912	0.520832	1.362176	6.209920
0	56.347377	4.326912	0.520832	1.362176	6.209920
0	56.447639	4.326912	0.520832	1.362176	6.209920
0	56.547902	4.326912	0.520832	1.362176	6.209920
0	56.648164	4.326912	0.520832	1.362176	6.209920
0	56.748426	4.326912	0.520832	1.362176	6.209920
0	56.848688	4.326912	0.520832	1.362176	6.209920
0	56.948951	4.326912	0.520832	1.362176	6.209920
0	57.049213	4.326912	0.520832	1.362176	6.209920
0	57.149475	4.326912	0.520832	1.362176	6.209920
0	57.249737	4.326912	0.520832	1.362176	6.209920
0	57.350000	4.326912	0.520832	1.362176	6.209920
0	57.450262	4.326912	0.520832	1.362176	6.209920
0	57.550524	4.326912	0.520832	1.362176	6.209920
0	57.650786	4.326912	0.520832	1.362176	6.209920
0	57.751049	4.326912	0.520832	1.362176	6.209920
0	57.851311	4.326912	0.520832	1.362176	6.209920
0	57.951573	4.326912	0.520832	1.362176	6.209920
0	58.051835	4.326912	0.520832	1.362176	6.209920
0	58.152097	4.326912	0.520832	1.362176	6.209920
0	58.252360	4.326912	0.520832	1.362176	6.209920
0	58.352622	4.326912	0.520832	1.362176	6.209920
0	58.452884	4.326912	0.520832	1.362176	6.209920
0	58.553146	4.326912	0.520832	1.362176	6.209920
0	58.653409	4.326912	0.520832	1.362176	6.209920
0	58.753671	4.326912	0.520832	1.362176	6.209920
0	58.853933	4.326912	0.520832	1.362176	6.209920
0	58.954195	4.326912	0.520832	1.362176	6.209920
0	59.054458	4.326912	0.520832	1.362176	6.209920
0	59.154720	4.326912	0.520832	1.362176	6.209920
0	59.254982	4.326912	0.520832	1.362176	6.209920
0	59.355244	4.326912	0.520832	1.362176	6.209920
0	59.455507	4.326912	0.520832	1.362176	6.209920
0	59.555769	4.326912	0.520832	1.362176	6.209920
0	59.656031	4.326912	0.520832	1.362176	6.209920
0	59.756293	4.326912	0.520832	1.362176	6.209920
0	59.856555	4.326912	0.520832	1.362176	6.209920
0	59.956818	4.326912	0.520832	1.362176	6.209920
0	60.057080	4.326912	0.520832	1.362176	6.209920
0	60.157342	4.326912	0.520832	1.362176	6.209920
0	60.257604	4.326912	0.520832	1.362176	6.209920
0	60.357867	4.326912	0.520832	1.362176	6.209920
0	60.458129	4.326912	0.520832	1.362176	6.209920
0	60.558391	4.326912	0.520832	1.362176	6.209920
0	60.658653	4.326912	0.520832	1.362176	6.209920
0	60.758916	4.326912	0.520832	1.362176	6.209920
0	60.859178	4.366976	0.520832	1.362176	6.249984
0	60.959440	4.366976	0.520832	1.362176	6.249984
0	61.059702	4.366976	0.520832	1.362176	6.249984
0	61.159965	4.366976	0.520832	1.362176	6.249984
0	61.260227	4.366976	0.520832	1.362176	6.249984
0	61.360489	4.366976	0.520832	1.362176	6.249984
0	61.460751	4.366976	0.520832	1.362176	6.249984
0	61.561014	4.366976	0.520832	1.362176	6.249984
0	61.661276	4.366976	0.520832	1.362176	6.249984
0	61.761538	4.366976	0.520832	1.362176	6.249984
0	61.861800	4.366976	0.520832	1.362176	6.249984
0	61.962062	4.366976	0.520832	1.362176	6.249984
0	62.062325	4.366976	0.520832	1.362176	6.249984
0	62.162587	4.366976	0.520832	1.362176	6.249984
0	62.262849	4.366976	0.520832	1.362176	6.249984
0	62.363111	4.366976	0.520832	1.362176	6.249984
0	62.463374	4.366976	0.520832	1.362176	6.249984
0	62.563636	4.326912	0.520832	1.362176	6.209920
0	62.663898	4.326912	0.520832	1.362176	6.209920
0	62.764160	4.326912	0.520832	1.362176	6.209920
0	62.864423	4.326912	0.520832	1.362176	6.209920
0	62.964685	4.326912	0.520832	1.362176	6.209920
0	63.064947	4.326912	0.520832	1.362176	6.209920
0	63.165209	4.326912	0.520832	1.362176	6.209920
0	63.265472	4.326912	0.520832	1.362176	6.209920
0	63.365734	4.326912	0.520832	1.362176	6.209920
0	63.465996	4.326912	0.520832	1.362176	6.209920
0	63.566258	4.326912	0.520832	1.362176	6.209920
0	63.666520	4.326912	0.520832	1.362176	6.209920
0	63.766783	4.326912	0.520832	1.362176	6.209920
0	63.867045	4.326912	0.520832	1.362176	6.209920
0	63.967307	4.326912	0.520832	1.362176	6.209920
0	64.067569	4.326912	0.520832	1.362176	6.209920
0	64.167832	4.326912	0.520832	1.362176	6.209920
0	64.268094	4.326912	0.520832	1.362176	6.209920
0	64.368356	4.326912	0.520832	1.362176	6.209920
0	64.468618	4.326912	0.520832	1.362176	6.209920
0	64.568881	4.326912	0.520832	1.362176	6.209920
0	64.669143	4.326912	0.520832	1.362176	6.209920
0	64.769405	4.326912	0.520832	1.362176	6.209920
0	64.869667	4.326912	0.520832	1.362176	6.209920
0	64.969930	4.326912	0.520832	1.362176	6.209920
0	65.070192	4.326912	0.520832	1.362176	6.209920
0	65.170454	4.326912	0.520832	1.362176	6.209920
0	65.270716	4.326912	0.520832	1.362176	6.209920
0	65.370979	4.326912	0.520832	1.362176	6.209920
0	65.471241	4.326912	0.520832	1.362176	6.209920
0	65.571503	4.326912	0.520832	1.362176	6.209920
0	65.671765	4.326912	0.520832	1.362176	6.209920
0	65.772027	4.326912	0.520832	1.362176	6.209920
0	65.872290	4.326912	0.520832	1.362176	6.209920
0	65.972552	4.326912	0.520832	1.362176	6.209920
0	66.072814	4.326912	0.520832	1.362176	6.209920
0	66.173076	4.326912	0.520832	1.362176	6.209920
0	66.273339	4.326912	0.520832	1.362176	6.209920
0	66.373601	4.326912	0.520832	1.362176	6.209920
0	66.473863	4.326912	0.520832	1.362176	6.209920
0	66.574125	4.326912	0.520832	1.362176	6.209920
0	66.674388	4.326912	0.520832	1.362176	6.209920
0	66.774650	4.326912	0.520832	1.362176	6.209920
0	66.874912	4.326912	0.520832	1.362176	6.209920
0	66.975174	4.326912	0.520832	1.362176	6.209920
0	67.075437	4.326912	0.520832	1.362176	6.209920
0	67.175699	4.366976	0.520832	1.362176	6.249984
0	67.275961	4.366976	0.520832	1.362176	6.249984
0	67.376223	4.366976	0.520832	1.362176	6.249984
0	67.476486	4.366976	0.520832	1.362176	6.249984
0	67.576748	4.366976	0.520832	1.362176	6.249984
0	67.677010	4.366976	0.520832	1.362176	6.249984
0	67.777272	4.366976	0.520832	1.362176	6.249984
0	67.877534	4.366976	0.520832	1.362176	6.249984
0	67.977797	4.366976	0.520832	1.362176	6.249984
0	68.078059	4.366976	0.520832	1.362176	6.249984
0	68.178321	4.366976	0.520832	1.362176	6.249984
0	68.278583	4.366976	0.520832	1.362176	6.249984
0	68.378846	4.407040	0.520832	1.362176	6.290048
0	68.479108	4.366976	0.520832	1.362176	6.249984
0	68.579370	4.366976	0.520832	1.362176	6.249984
0	68.679632	4.366976	0.520832	1.362176	6.249984
0	68.779895	4.366976	0.520832	1.362176	6.249984
0	68.880157	4.326912	0.520832	1.362176	6.209920
0	68.980419	4.326912	0.520832	1.362176	6.209920
0	69.080681	4.326912	0.520832	1.362176	6.209920
0	69.180944	4.326912	0.520832	1.362176	6.209920
0	69.281206	4.326912	0.520832	1.362176	6.209920
0	69.381468	4.326912	0.520832	1.362176	6.209920
0	69.481730	4.326912	0.520832	1.362176	6.209920
0	69.581992	4.326912	0.520832	1.362176	6.209920
0	69.682255	4.326912	0.520832	1.362176	6.209920
0	69.782517	4.326912	0.520832	1.362176	6.209920
0	69.882779	4.326912	0.520832	1.362176	6.209920
0	69.983041	4.326912	0.520832	1.362176	6.209920
0	70.083304	4.326912	0.520832	1.362176	6.209920
0	70.183566	4.326912	0.520832	1.362176	6.209920
0	70.283828	4.326912	0.520832	1.362176	6.209920
0	70.384090	4.326912	0.520832	1.362176	6.209920
0	70.484353	4.326912	0.520832	1.362176	6.209920
0	70.584615	4.326912	0.520832	1.362176	6.209920
0	70.684877	4.326912	0.520832	1.362176	6.209920
0	70.785139	4.326912	0.520832	1.362176	6.209920
0	70.885402	4.326912	0.520832	1.362176	6.209920
0	70.985664	4.326912	0.520832	1.362176	6.209920
0	71.085926	4.326912	0.520832	1.362176	6.209920
0	71.186188	4.326912	0.520832	1.362176	6.209920
0	71.286451	4.326912	0.520832	1.362176	6.209920
0	71.386713	4.326912	0.520832	1.362176	6.209920
0	71.486975	4.326912	0.520832	1.362176	6.209920
0	71.587237	4.326912	0.520832	1.362176	6.209920
0	71.687499	4.326912	0.520832	1.362176	6.209920
0	71.787762	4.326912	0.520832	1.362176	6.209920
0	71.888024	4.326912	0.520832	1.362176	6.209920
0	71.988286	4.326912	0.520832	1.362176	6.209920
0	72.088548	4.326912	0.520832	1.362176	6.209920
0	72.188811	4.326912	0.520832	1.362176	6.209920
0	72.289073	4.326912	0.520832	1.362176	6.209920
0	72.389335	4.326912	0.520832	1.362176	6.209920
0	72.489597	4.326912	0.520832	1.362176	6.209920
0	72.589860	4.326912	0.520832	1.362176	6.209920
0	72.690122	4.326912	0.520832	1.362176	6.209920
0	72.790384	4.326912	0.520832	1.362176	6.209920
0	72.890646	4.326912	0.520832	1.362176	6.209920
0	72.990909	4.326912	0.520832	1.362176	6.209920
0	73.091171	4.326912	0.520832	1.362176	6.209920
0	73.191433	4.326912	0.520832	1.362176	6.209920
0	73.291695	4.326912	0.520832	1.362176	6.209920
0	73.391957	4.326912	0.520832	1.362176	6.209920
0	73.492220	4.326912	0.520832	1.362176	6.209920
0	73.592482	4.366976	0.520832	1.362176	6.249984
0	73.692744	4.366976	0.520832	1.362176	6.249984
0	73.793006	4.407040	0.520832	1.362176	6.290048
0	73.893269	4.407040	0.520832	1.362176	6.290048
0	73.993531	4.407040	0.520832	1.362176	6.290048
0	74.093793	4.407040	0.520832	1.362176	6.290048
0	74.194055	4.407040	0.520832	1.362176	6.290048
0	74.294318	4.407040	0.520832	1.362176	6.290048
0	74.394580	4.407040	0.520832	1.362176	6.290048
0	74.494842	4.366976	0.520832	1.362176	6.249984
0	74.595104	4.366976	0.520832	1.362176	6.249984
0	74.695367	4.407040	0.520832	1.362176	6.290048
0	74.795629	4.407040	0.520832	1.362176	6.290048
0	74.895891	4.366976	0.520832	1.362176	6.249984
0	74.996153	4.366976	0.520832	1.362176	6.249984
0	75.096416	4.366976	0.520832	1.362176	6.249984
0	75.196678	4.366976	0.520832	1.362176	6.249984
0	75.296940	4.366976	0.520832	1.362176	6.249984
0	75.397202	4.326912	0.520832	1.362176	6.209920
0	75.497464	4.326912	0.520832	1.362176	6.209920
0	75.597727	4.326912	0.520832	1.362176	6.209920
0	75.697989	4.326912	0.520832	1.362176	6.209920
0	75.798251	4.326912	0.520832	1.362176	6.209920
0	75.898513	4.326912	0.520832	1.362176	6.209920
0	75.998776	4.326912	0.520832	1.362176	6.209920
0	76.099038	4.326912	0.520832	1.362176	6.209920
0	76.199300	4.326912	0.520832	1.362176	6.209920
0	76.299562	4.326912	0.520832	1.362176	6.209920
0	76.399825	4.326912	0.520832	1.362176	6.209920
0	76.500087	4.326912	0.520832	1.362176	6.209920
0	76.600349	4.326912	0.520832	1.362176	6.209920
0	76.700611	4.326912	0.520832	1.362176	6.209920
0	76.800874	4.326912	0.520832	1.362176	6.209920
0	76.901136	4.326912	0.520832	1.362176	6.209920
0	77.001398	4.326912	0.520832	1.362176	6.209920
0	77.101660	4.326912	0.520832	1.362176	6.209920
0	77.201922	4.326912	0.520832	1.362176	6.209920
0	77.302185	4.326912	0.520832	1.362176	6.209920
0	77.402447	4.326912	0.520832	1.362176	6.209920
0	77.502709	4.326912	0.520832	1.362176	6.209920
0	77.602971	4.326912	0.520832	1.362176	6.209920
0	77.703234	4.326912	0.520832	1.362176	6.209920
0	77.803496	4.326912	0.520832	1.362176	6.209920
0	77.903758	4.326912	0.520832	1.362176	6.209920
0	78.004020	4.326912	0.520832	1.362176	6.209920
0	78.104283	4.326912	0.520832	1.362176	6.209920
0	78.204545	4.326912	0.520832	1.362176	6.209920
0	78.304807	4.326912	0.520832	1.362176	6.209920
0	78.405069	4.326912	0.520832	1.362176	6.209920
0	78.505332	4.326912	0.520832	1.362176	6.209920
0	78.605594	4.326912	0.520832	1.362176	6.209920
0	78.705856	4.326912	0.520832	1.362176	6.209920
0	78.806118	4.326912	0.520832	1.362176	6.209920
0	78.906381	4.326912	0.520832	1.362176	6.209920
0	79.006643	4.326912	0.520832	1.362176	6.209920
0	79.106905	4.326912	0.520832	1.362176	6.209920
0	79.207167	4.326912	0.520832	1.362176	6.209920
0	79.307429	4.326912	0.520832	1.362176	6.209920
0	79.407692	4.326912	0.520832	1.362176	6.209920
0	79.507954	4.326912	0.520832	1.362176	6.209920
0	79.608216	4.326912	0.520832	1.362176	6.209920
0	79.708478	4.326912	0.520832	1.362176	6.209920
0	79.808741	4.326912	0.520832	1.362176	6.209920
0	79.909003	4.326912	0.520832	1.362176	6.209920
0	80.009265	4.366976	0.520832	1.362176	6.249984
0	80.109527	4.366976	0.520832	1.362176	6.249984
0	80.209790	4.366976	0.520832	1.362176	6.249984
0	80.310052	4.366976	0.520832	1.362176	6.249984
0	80.410314	4.366976	0.520832	1.362176	6.249984
0	80.510576	4.366976	0.520832	1.362176	6.249984
0	80.610839	4.366976	0.520832	1.362176	6.249984
0	80.711101	4.366976	0.520832	1.362176	6.249984
0	80.811363	4.366976	0.520832	1.362176	6.249984
0	80.911625	4.366976	0.520832	1.362176	6.249984
0	81.011888	4.366976	0.520832	1.362176	6.249984
0	81.112150	4.366976	0.520832	1.362176	6.249984
0	81.212412	4.366976	0.520832	1.362176	6.249984
0	81.312674	4.366976	0.520832	1.362176	6.249984
0	81.412936	4.366976	0.520832	1.362176	6.249984
0	81.513199	4.366976	0.520832	1.362176	6.249984
0	81.613461	4.366976	0.520832	1.362176	6.249984
0	81.713723	4.326912	0.520832	1.362176	6.209920
0	81.813985	4.326912	0.520832	1.362176	6.209920
0	81.914248	4.326912	0.520832	1.362176	6.209920
0	82.014510	4.326912	0.520832	1.362176	6.209920
0	82.114772	4.326912	0.520832	1.362176	6.209920
0	82.215034	4.326912	0.520832	1.362176	6.209920
0	82.315297	4.326912	0.520832	1.362176	6.209920
0	82.415559	4.326912	0.520832	1.362176	6.209920
0	82.515821	4.326912	0.520832	1.362176	6.209920
0	82.616083	4.326912	0.520832	1.362176	6.209920
0	82.716346	4.326912	0.520832	1.362176	6.209920
0	82.816608	4.326912	0.520832	1.362176	6.209920
0	82.916870	4.326912	0.520832	1.362176	6.209920
0	83.017132	4.326912	0.520832	1.362176	6.209920
0	83.117394	4.326912	0.520832	1.362176	6.209920
0	83.217657	4.326912	0.520832	1.362176	6.209920
0	83.317919	4.326912	0.520832	1.362176	6.209920
0	83.418181	4.326912	0.520832	1.362176	6.209920
0	83.518443	4.326912	0.520832	1.362176	6.209920
0	83.618706	4.326912	0.520832	1.362176	6.209920
0	83.718968	4.326912	0.520832	1.362176	6.209920
0	83.819230	4.326912	0.520832	1.362176	6.209920
0	83.919492	4.326912	0.520832	1.362176	6.209920
0	84.019755	4.326912	0.520832	1.362176	6.209920
0	84.120017	4.326912	0.520832	1.362176	6.209920
0	84.220279	4.326912	0.520832	1.362176	6.209920
0	84.320541	4.326912	0.520832	1.362176	6.209920
0	84.420804	4.326912	0.520832	1.362176	6.209920
0	84.521066	4.326912	0.520832	1.362176	6.209920
0	84.621328	4.326912	0.520832	1.362176	6.209920
0	84.721590	4.326912	0.520832	1.362176	6.209920
0	84.821853	4.326912	0.520832	1.362176	6.209920
0	84.922115	4.326912	0.520832	1.362176	6.209920
0	85.022377	4.326912	0.520832	1.362176	6.209920
0	85.122639	4.326912	0.520832	1.362176	6.209920
0	85.222901	4.326912	0.520832	1.362176	6.209920
0	85.323164	4.326912	0.520832	1.362176	6.209920
0	85.423426	4.326912	0.520832	1.362176	6.209920
0	85.523688	4.326912	0.520832	1.362176	6.209920
0	85.623950	4.326912	0.520832	1.362176	6.209920
0	85.724213	4.326912	0.520832	1.362176	6.209920
0	85.824475	4.326912	0.520832	1.362176	6.209920
0	85.924737	4.326912	0.520832	1.362176	6.209920
0	86.024999	4.326912	0.520832	1.362176	6.209920
0	86.125262	4.326912	0.520832	1.362176	6.209920
0	86.225524	4.326912	0.520832	1.362176	6.209920
0	86.325786	4.326912	0.520832	1.362176	6.209920
0	86.426048	4.326912	0.520832	1.362176	6.209920
0	86.526311	4.366976	0.520832	1.362176	6.249984
0	86.626573	4.366976	0.520832	1.362176	6.249984
0	86.726835	4.366976	0.520832	1.362176	6.249984
0	86.827097	4.366976	0.520832	1.362176	6.249984
0	86.927359	4.366976	0.520832	1.362176	6.249984
0	87.027622	4.366976	0.520832	1.362176	6.249984
0	87.127884	4.366976	0.520832	1.362176	6.249984
0	87.228146	4.366976	0.520832	1.362176	6.249984
0	87.328408	4.366976	0.520832	1.362176	6.249984
0	87.428671	4.366976	0.520832	1.362176	6.249984
0	87.528933	4.366976	0.520832	1.362176	6.249984
0	87.629195	4.366976	0.520832	1.362176	6.249984
0	87.729457	4.366976	0.520832	1.362176	6.249984
0	87.829720	4.366976	0.520832	1.362176	6.249984
0	87.929982	4.366976	0.520832	1.362176	6.249984
0	88.030244	4.326912	0.520832	1.362176	6.209920
0	88.130506	4.326912	0.520832	1.362176	6.209920
0	88.230769	4.326912	0.520832	1.362176	6.209920
0	88.331031	4.326912	0.520832	1.362176	6.209920
0	88.431293	4.326912	0.520832	1.362176	6.209920
0	88.531555	4.326912	0.520832	1.362176	6.209920
0	88.631818	4.326912	0.520832	1.362176	6.209920
0	88.732080	4.326912	0.520832	1.362176	6.209920
0	88.832342	4.326912	0.520832	1.362176	6.209920
0	88.932604	4.326912	0.520832	1.362176	6.209920
0	89.032866	4.326912	0.520832	1.362176	6.209920
0	89.133129	4.326912	0.520832	1.362176	6.209920
0	89.233391	4.326912	0.520832	1.362176	6.209920
0	89.333653	4.326912	0.520832	1.362176	6.209920
0	89.433915	4.326912	0.520832	1.362176	6.209920
0	89.534178	4.326912	0.520832	1.362176	6.209920
0	89.634440	4.326912	0.520832	1.362176	6.209920
0	89.734702	4.326912	0.520832	1.362176	6.209920
0	89.834964	4.326912	0.520832	1.362176	6.209920
0	89.935227	4.326912	0.520832	1.362176	6.209920
0	90.035489	4.326912	0.520832	1.362176	6.209920
0	90.135751	4.326912	0.520832	1.362176	6.209920
0	90.236013	4.326912	0.520832	1.362176	6.209920
0	90.336276	4.326912	0.520832	1.362176	6.209920
0	90.436538	4.326912	0.520832	1.362176	6.209920
0	90.536800	4.326912	0.520832	1.362176	6.209920
0	90.637062	4.326912	0.520832	1.362176	6.209920
0	90.737324	4.326912	0.520832	1.362176	6.209920
0	90.837587	4.326912	0.520832	1.362176	6.209920
0	90.937849	4.326912	0.520832	1.362176	6.209920
0	91.038111	4.326912	0.520832	1.362176	6.209920
0	91.138373	4.326912	0.520832	1.362176	6.209920
0	91.238636	4.326912	0.520832	1.362176	6.209920
0	91.338898	4.326912	0.520832	1.362176	6.209920
0	91.439160	4.326912	0.520832	1.362176	6.209920
0	91.539422	4.326912	0.520832	1.362176	6.209920
0	91.639685	4.326912	0.520832	1.362176	6.209920
0	91.739947	4.326912	0.520832	1.362176	6.209920
0	91.840209	4.326912	0.520832	1.362176	6.209920
0	91.940471	4.326912	0.520832	1.362176	6.209920
0	92.040734	4.326912	0.520832	1.362176	6.209920
0	92.140996	4.326912	0.520832	1.362176	6.209920
0	92.241258	4.326912	0.520832	1.362176	6.209920
0	92.341520	4.326912	0.520832	1.362176	6.209920
0	92.441783	4.326912	0.520832	1.362176	6.209920
0	92.542045	4.326912	0.520832	1.362176	6.209920
0	92.642307	4.326912	0.520832	1.362176	6.209920
0	92.742569	4.326912	0.520832	1.362176	6.209920
0	92.842831	4.366976	0.520832	1.362176	6.249984
0	92.943094	4.366976	0.520832	1.362176	6.249984
0	93.043356	4.366976	0.520832	1.362176	6.249984
0	93.143618	4.366976	0.520832	1.362176	6.249984
0	93.243880	4.366976	0.520832	1.362176	6.249984
0	93.344143	4.366976	0.520832	1.362176	6.249984
0	93.444405	4.366976	0.520832	1.362176	6.249984
0	93.544667	4.366976	0.520832	1.362176	6.249984
0	93.644929	4.366976	0.520832	1.362176	6.249984
0	93.745192	4.366976	0.520832	1.362176	6.249984
0	93.845454	4.366976	0.520832	1.362176	6.249984
0	93.945716	4.366976	0.520832	1.362176	6.249984
0	94.045978	4.366976	0.520832	1.362176	6.249984
0	94.146241	4.366976	0.520832	1.362176	6.249984
0	94.246503	4.366976	0.520832	1.362176	6.249984
0	94.346765	4.366976	0.520832	1.362176	6.249984
0	94.447027	4.326912	0.520832	1.362176	6.209920
0	94.547289	4.326912	0.520832	1.362176	6.209920
0	94.647552	4.326912	0.520832	1.362176	6.209920
0	94.747814	4.326912	0.520832	1.362176	6.209920
0	94.848076	4.326912	0.520832	1.362176	6.209920
0	94.948338	4.326912	0.520832	1.362176	6.209920
0	95.048601	4.326912	0.520832	1.362176	6.209920
0	95.148863	4.326912	0.520832	1.362176	6.209920
0	95.249125	4.326912	0.520832	1.362176	6.209920
0	95.349387	4.326912	0.520832	1.362176	6.209920
0	95.449650	4.326912	0.520832	1.362176	6.209920
0	95.549912	4.326912	0.520832	1.362176	6.209920
0	95.650174	4.326912	0.520832	1.362176	6.209920
0	95.750436	4.326912	0.520832	1.362176	6.209920
0	95.850699	4.326912	0.520832	1.362176	6.209920
0	95.950961	4.326912	0.520832	1.362176	6.209920
0	96.051223	4.326912	0.520832	1.362176	6.209920
0	96.151485	4.326912	0.520832	1.362176	6.209920
0	96.251748	4.326912	0.520832	1.362176	6.209920
0	96.352010	4.326912	0.520832	1.362176	6.209920
0	96.452272	4.326912	0.520832	1.362176	6.209920
0	96.552534	4.326912	0.520832	1.362176	6.209920
0	96.652796	4.326912	0.520832	1.362176	6.209920
0	96.753059	4.326912	0.520832	1.362176	6.209920
0	96.853321	4.326912	0.520832	1.362176	6.209920
0	96.953583	4.326912	0.520832	1.362176	6.209920
0	97.053845	4.326912	0.520832	1.362176	6.209920
0	97.154108	4.326912	0.520832	1.362176	6.209920
0	97.254370	4.326912	0.520832	1.362176	6.209920
0	97.354632	4.326912	0.520832	1.362176	6.209920
0	97.454894	4.326912	0.520832	1.362176	6.209920
0	97.555157	4.326912	0.520832	1.362176	6.209920
0	97.655419	4.326912	0.520832	1.362176	6.209920
0	97.755681	4.326912	0.520832	1.362176	6.209920
0	97.855943	4.326912	0.520832	1.362176	6.209920
0	97.956206	4.326912	0.520832	1.362176	6.209920
0	98.056468	4.326912	0.520832	1.362176	6.209920
0	98.156730	4.326912	0.520832	1.362176	6.209920
0	98.256992	4.326912	0.520832	1.362176	6.209920
0	98.357255	4.326912	0.520832	1.362176	6.209920
0	98.457517	4.326912	0.520832	1.362176	6.209920
0	98.557779	4.326912	0.520832	1.362176	6.209920
0	98.658041	4.326912	0.520832	1.362176	6.209920
0	98.758303	4.326912	0.520832	1.362176	6.209920
0	98.858566	4.326912	0.520832	1.362176	6.209920
0	98.958828	4.326912	0.520832	1.362176	6.209920
0	99.059090	4.326912	0.520832	1.362176	6.209920
0	99.159352	4.326912	0.520832	1.362176	6.209920
0	99.259615	4.366976	0.520832	1.362176	6.249984
0	99.359877	4.366976	0.520832	1.362176	6.249984
0	99.460139	4.366976	0.520832	1.362176	6.249984
0	99.560401	4.366976	0.520832	1.362176	6.249984
0	99.660664	4.366976	0.520832	1.362176	6.249984
0	99.760926	4.366976	0.520832	1.362176	6.249984
0	99.861188	4.366976	0.520832	1.362176	6.249984
0	99.961450	4.366976	0.520832	1.362176	6.249984
0	100.061713	4.366976	0.520832	1.362176	6.249984
0	100.161975	4.366976	0.520832	1.362176	6.249984
0	100.262237	4.366976	0.520832	1.362176	6.249984
0	100.362499	4.366976	0.520832	1.362176	6.249984
0	100.462761	4.366976	0.520832	1.362176	6.249984
0	100.563024	4.366976	0.520832	1.362176	6.249984
0	100.663286	4.366976	0.520832	1.362176	6.249984
0	100.763548	4.326912	0.520832	1.362176	6.209920
0	100.863810	4.326912	0.520832	1.362176	6.209920
0	100.964073	4.326912	0.520832	1.362176	6.209920
0	101.064335	4.326912	0.520832	1.362176	6.209920
0	101.164597	4.326912	0.520832	1.362176	6.209920
0	101.264859	4.326912	0.520832	1.362176	6.209920
0	101.365122	4.326912	0.520832	1.362176	6.209920
0	101.465384	4.326912	0.520832	1.362176	6.209920
0	101.565646	4.326912	0.520832	1.362176	6.209920
0	101.665908	4.326912	0.520832	1.362176	6.209920
0	101.766171	4.326912	0.520832	1.362176	6.209920
0	101.866433	4.326912	0.520832	1.362176	6.209920
0	101.966695	4.326912	0.520832	1.362176	6.209920
0	102.066957	4.326912	0.520832	1.362176	6.209920
0	102.167220	4.326912	0.520832	1.362176	6.209920
0	102.267482	4.326912	0.520832	1.362176	6.209920
0	102.367744	4.326912	0.520832	1.362176	6.209920
0	102.468006	4.326912	0.520832	1.362176	6.209920
0	102.568268	4.326912	0.520832	1.362176	6.209920
0	102.668531	4.326912	0.520832	1.362176	6.209920
0	102.768793	4.326912	0.520832	1.362176	6.209920
0	102.869055	4.326912	0.520832	1.362176	6.209920
0	102.969317	4.326912	0.520832	1.362176	6.209920
0	103.069580	4.326912	0.520832	1.362176	6.209920
0	103.169842	4.326912	0.520832	1.362176	6.209920
0	103.270104	4.326912	0.520832	1.362176	6.209920
0	103.370366	4.326912	0.520832	1.362176	6.209920
0	103.470629	4.326912	0.520832	1.362176	6.209920
0	103.570891	4.326912	0.520832	1.362176	6.209920
0	103.671153	4.326912	0.520832	1.362176	6.209920
0	103.771415	4.326912	0.520832	1.362176	6.209920
0	103.871678	4.326912	0.520832	1.362176	6.209920
0	103.971940	4.326912	0.520832	1.362176	6.209920
0	104.072202	4.326912	0.520832	1.362176	6.209920
0	104.172464	4.326912	0.520832	1.362176	6.209920
0	104.272726	4.326912	0.520832	1.362176	6.209920
0	104.372989	4.326912	0.520832	1.362176	6.209920
0	104.473251	4.326912	0.520832	1.362176	6.209920
0	104.573513	4.326912	0.520832	1.362176	6.209920
0	104.673775	4.326912	0.520832	1.362176	6.209920
0	104.774038	4.326912	0.520832	1.362176	6.209920
0	104.874300	4.326912	0.520832	1.362176	6.209920
0	104.974562	4.326912	0.520832	1.362176	6.209920
0	105.074824	4.326912	0.520832	1.362176	6.209920
0	105.175087	4.326912	0.520832	1.362176	6.209920
0	105.275349	4.326912	0.520832	1.362176	6.209920
0	105.375611	4.326912	0.520832	1.362176	6.209920
0	105.475873	4.326912	0.520832	1.362176	6.209920
0	105.576136	4.326912	0.520832	1.362176	6.209920
0	105.676398	4.366976	0.520832	1.362176	6.249984
0	105.776660	4.366976	0.520832	1.362176	6.249984
0	105.876922	4.366976	0.520832	1.362176	6.249984
0	105.977185	4.366976	0.520832	1.362176	6.249984
0	106.077447	4.366976	0.520832	1.362176	6.249984
0	106.177709	4.366976	0.520832	1.362176	6.249984
0	106.277971	4.366976	0.520832	1.362176	6.249984
0	106.378233	4.366976	0.520832	1.362176	6.249984
0	106.478496	4.366976	0.520832	1.362176	6.249984
0	106.578758	4.366976	0.520832	1.362176	6.249984
0	106.679020	4.366976	0.520832	1.362176	6.249984
0	106.779282	4.407040	0.520832	1.362176	6.290048
0	106.879545	4.366976	0.520832	1.362176	6.249984
0	106.979807	4.366976	0.520832	1.362176	6.249984
0	107.080069	4.366976	0.520832	1.362176	6.249984
0	107.180331	4.326912	0.520832	1.362176	6.209920
0	107.280594	4.326912	0.520832	1.362176	6.209920
0	107.380856	4.326912	0.520832	1.362176	6.209920
0	107.481118	4.326912	0.520832	1.362176	6.209920
0	107.581380	4.326912	0.520832	1.362176	6.209920
0	107.681643	4.326912	0.520832	1.362176	6.209920
0	107.781905	4.326912	0.520832	1.362176	6.209920
0	107.882167	4.326912	0.520832	1.362176	6.209920
0	107.982429	4.326912	0.520832	1.362176	6.209920
0	108.082691	4.326912	0.520832	1.362176	6.209920
0	108.182954	4.326912	0.520832	1.362176	6.209920
0	108.283216	4.326912	0.520832	1.362176	6.209920
0	108.383478	4.326912	0.520832	1.362176	6.209920
0	108.483740	4.326912	0.520832	1.362176	6.209920
0	108.584003	4.326912	0.520832	1.362176	6.209920
0	108.684265	4.326912	0.520832	1.362176	6.209920
0	108.784527	4.326912	0.520832	1.362176	6.209920
0	108.884789	4.326912	0.520832	1.362176	6.209920
0	108.985052	4.326912	0.520832	1.362176	6.209920
0	109.085314	4.326912	0.520832	1.362176	6.209920
0	109.185576	4.326912	0.520832	1.362176	6.209920
0	109.285838	4.326912	0.520832	1.362176	6.209920
0	109.386101	4.326912	0.520832	1.362176	6.209920
0	109.486363	4.326912	0.520832	1.362176	6.209920
0	109.586625	4.326912	0.520832	1.362176	6.209920
0	109.686887	4.326912	0.520832	1.362176	6.209920
0	109.787150	4.326912	0.520832	1.362176	6.209920
0	109.887412	4.326912	0.520832	1.362176	6.209920
0	109.987674	4.326912	0.520832	1.362176	6.209920
0	110.087936	4.326912	0.520832	1.362176	6.209920
0	110.188198	4.326912	0.520832	1.362176	6.209920
0	110.288461	4.326912	0.520832	1.362176	6.209920
0	110.388723	4.326912	0.520832	1.362176	6.209920
0	110.488985	4.326912	0.520832	1.362176	6.209920
0	110.589247	4.326912	0.520832	1.362176	6.209920
0	110.689510	4.326912	0.520832	1.362176	6.209920
0	110.789772	4.326912	0.520832	1.362176	6.209920
0	110.890034	4.326912	0.520832	1.362176	6.209920
0	110.990296	4.326912	0.520832	1.362176	6.209920
0	111.090559	4.326912	0.520832	1.362176	6.209920
0	111.190821	4.326912	0.520832	1.362176	6.209920
0	111.291083	4.326912	0.520832	1.362176	6.209920
0	111.391345	4.326912	0.520832	1.362176	6.209920
0	111.491608	4.326912	0.520832	1.362176	6.209920
0	111.591870	4.326912	0.520832	1.362176	6.209920
0	111.692132	4.326912	0.520832	1.362176	6.209920
0	111.792394	4.326912	0.520832	1.362176	6.209920
0	111.892656	4.326912	0.520832	1.362176	6.209920
0	111.992919	4.326912	0.520832	1.362176	6.209920
0	112.093181	4.366976	0.520832	1.362176	6.249984
0	112.193443	4.366976	0.520832	1.362176	6.249984
0	112.293705	4.366976	0.520832	1.362176	6.249984
0	112.393968	4.366976	0.520832	1.362176	6.249984
0	112.494230	4.366976	0.520832	1.362176	6.249984
0	112.594492	4.366976	0.520832	1.362176	6.249984
0	112.694754	4.366976	0.520832	1.362176	6.249984
0	112.795017	4.366976	0.520832	1.362176	6.249984
0	112.895279	4.366976	0.520832	1.362176	6.249984
0	112.995541	4.366976	0.520832	1.362176	6.249984
0	113.095803	4.366976	0.520832	1.362176	6.249984
0	113.196066	4.366976	0.520832	1.362176	6.249984
0	113.296328	4.366976	0.520832	1.362176	6.249984
0	113.396590	4.366976	0.520832	1.362176	6.249984
0	113.496852	4.326912	0.520832	1.362176	6.209920
0	113.597115	4.326912	0.520832	1.362176	6.209920
0	113.697377	4.326912	0.520832	1.362176	6.209920
0	113.797639	4.326912	0.520832	1.362176	6.209920
0	113.897901	4.326912	0.520832	1.362176	6.209920
0	113.998163	4.326912	0.520832	1.362176	6.209920
0	114.098426	4.326912	0.520832	1.362176	6.209920
0	114.198688	4.326912	0.520832	1.362176	6.209920
0	114.298950	4.326912	0.520832	1.362176	6.209920
0	114.399212	4.326912	0.520832	1.362176	6.209920
0	114.499475	4.326912	0.520832	1.362176	6.209920
0	114.599737	4.326912	0.520832	1.362176	6.209920
0	114.699999	4.326912	0.520832	1.362176	6.209920
0	114.800261	4.326912	0.520832	1.362176	6.209920
0	114.900524	4.326912	0.520832	1.362176	6.209920
0	115.000786	4.326912	0.520832	1.362176	6.209920
0	115.101048	4.326912	0.520832	1.362176	6.209920
0	115.201310	4.326912	0.520832	1.362176	6.209920
0	115.301573	4.326912	0.520832	1.362176	6.209920
0	115.401835	4.326912	0.520832	1.362176	6.209920
0	115.502097	4.326912	0.520832	1.362176	6.209920
0	115.602359	4.326912	0.520832	1.362176	6.209920
0	115.702622	4.326912	0.520832	1.362176	6.209920
0	115.802884	4.326912	0.520832	1.362176	6.209920
0	115.903146	4.326912	0.520832	1.362176	6.209920
0	116.003408	4.326912	0.520832	1.362176	6.209920
0	116.103670	4.326912	0.520832	1.362176	6.209920
0	116.203933	4.326912	0.520832	1.362176	6.209920
0	116.304195	4.326912	0.520832	1.362176	6.209920
