Set_id	Time	Line 0	Line 1	Line 2	Sum
0	0.000000	5.348160	1.344768	1.386560	8.079488
0	0.100408	5.237760	1.269760	1.388800	7.896320
0	0.200816	5.175040	1.152576	1.391040	7.718656
0	0.301224	5.103616	1.114624	1.393280	7.611520
0	0.401631	5.023872	1.036672	1.395520	7.456064
0	0.502039	4.992000	0.996800	1.397760	7.386560
0	0.602447	4.960000	0.958464	1.397760	7.316224
0	0.702855	4.920000	0.918528	1.397760	7.236288
0	0.803263	4.880000	0.920000	1.400000	7.200000
0	0.903671	4.880000	0.920000	1.400000	7.200000
0	1.004078	4.847744	0.880000	1.400000	7.127744
0	1.104486	4.847744	0.880000	1.400000	7.127744
0	1.204894	4.847744	0.880000	1.400000	7.127744
0	1.305302	4.807680	0.880000	1.402240	7.089920
0	1.405710	4.807680	0.840000	1.402240	7.049920
0	1.506118	4.807680	0.840000	1.402240	7.049920
0	1.606525	4.767616	0.840000	1.362176	6.969792
0	1.706933	4.767616	0.840000	1.362176	6.969792
0	1.807341	4.767616	0.840000	1.362176	6.969792
0	1.907749	4.767616	0.840000	1.362176	6.969792
0	2.008157	4.767616	0.841344	1.362176	6.971136
0	2.108565	4.767616	0.841344	1.362176	6.971136
0	2.208972	4.767616	0.841344	1.362176	6.971136
0	2.309380	4.727552	0.841344	1.362176	6.931072
0	2.409788	4.727552	0.841344	1.362176	6.931072
0	2.510196	4.727552	0.841344	1.362176	6.931072
0	2.610604	4.727552	0.841344	1.362176	6.931072
0	2.711012	4.727552	0.841344	1.362176	6.931072
0	2.811419	4.727552	0.841344	1.362176	6.931072
0	2.911827	4.727552	0.841344	1.362176	6.931072
0	3.012235	4.727552	0.841344	1.362176	6.931072
0	3.112643	4.727552	0.841344	1.362176	6.931072
0	3.213051	4.727552	0.841344	1.362176	6.931072
0	3.313459	4.727552	0.841344	1.362176	6.931072
0	3.413866	4.727552	0.841344	1.362176	6.931072
0	3.514274	4.727552	0.841344	1.362176	6.931072
0	3.614682	4.727552	0.841344	1.362176	6.931072
0	3.715090	4.727552	0.841344	1.362176	6.931072
0	3.815498	4.727552	0.841344	1.362176	6.931072
0	3.915906	4.767616	0.841344	1.362176	6.971136
0	4.016313	4.727552	0.841344	1.362176	6.931072
0	4.116721	4.727552	0.841344	1.362176	6.931072
0	4.217129	4.727552	0.841344	1.362176	6.931072
0	4.317537	4.727552	0.841344	1.362176	6.931072
0	4.417945	4.727552	0.841344	1.362176	6.931072
0	4.518353	4.727552	0.841344	1.362176	6.931072
0	4.618760	4.727552	0.841344	1.362176	6.931072
0	4.719168	4.727552	0.841344	1.362176	6.931072
0	4.819576	4.727552	0.841344	1.362176	6.931072
0	4.919984	4.727552	0.841344	1.362176	6.931072
0	5.020392	4.727552	0.841344	1.362176	6.931072
0	5.120800	4.727552	0.841344	1.362176	6.931072
0	5.221208	4.727552	0.841344	1.362176	6.931072
0	5.321615	4.727552	0.841344	1.362176	6.931072
0	5.422023	4.727552	0.841344	1.362176	6.931072
0	5.522431	4.727552	0.841344	1.362176	6.931072
0	5.622839	4.727552	0.841344	1.362176	6.931072
0	5.723247	4.727552	0.841344	1.362176	6.931072
0	5.823655	4.727552	0.841344	1.362176	6.931072
0	5.924062	4.727552	0.841344	1.362176	6.931072
0	6.024470	4.727552	0.841344	1.362176	6.931072
0	6.124878	4.727552	0.841344	1.362176	6.931072
0	6.225286	4.727552	0.841344	1.362176	6.931072
0	6.325694	4.727552	0.841344	1.362176	6.931072
0	6.426102	4.767616	0.841344	1.402240	7.011200
0	6.526509	4.767616	0.841344	1.402240	7.011200
0	6.626917	4.767616	0.841344	1.402240	7.011200
0	6.727325	4.767616	0.841344	1.402240	7.011200
0	6.827733	4.767616	0.841344	1.402240	7.011200
0	6.928141	4.767616	0.841344	1.402240	7.011200
0	7.028549	4.767616	0.841344	1.402240	7.011200
0	7.128956	4.767616	0.841344	1.402240	7.011200
0	7.229364	4.767616	0.841344	1.402240	7.011200
0	7.329772	4.767616	0.841344	1.402240	7.011200
0	7.430180	4.767616	0.841344	1.402240	7.011200
0	7.530588	4.767616	0.841344	1.402240	7.011200
0	7.630996	4.807680	0.840000	1.402240	7.049920
0	7.731403	4.807680	0.840000	1.402240	7.049920
0	7.831811	4.767616	0.840000	1.402240	7.009856
0	7.932219	4.767616	0.841344	1.362176	6.971136
0	8.032627	4.767616	0.841344	1.362176	6.971136
0	8.133035	4.767616	0.840000	1.362176	6.969792
0	8.233443	4.727552	0.841344	1.362176	6.931072
0	8.333850	4.727552	0.841344	1.362176	6.931072
0	8.434258	4.727552	0.841344	1.362176	6.931072
0	8.534666	4.727552	0.841344	1.362176	6.931072
0	8.635074	4.727552	0.841344	1.362176	6.931072
0	8.735482	4.727552	0.841344	1.362176	6.931072
0	8.835890	4.727552	0.841344	1.362176	6.931072
0	8.936297	4.727552	0.841344	1.362176	6.931072
0	9.036705	4.727552	0.841344	1.362176	6.931072
0	9.137113	4.727552	0.841344	1.362176	6.931072
0	9.237521	4.727552	0.841344	1.362176	6.931072
0	9.337929	4.727552	0.841344	1.362176	6.931072
0	9.438337	4.727552	0.841344	1.362176	6.931072
0	9.538745	4.727552	0.841344	1.362176	6.931072
0	9.639152	4.727552	0.841344	1.362176	6.931072
0	9.739560	4.727552	0.841344	1.362176	6.931072
0	9.839968	4.727552	0.841344	1.362176	6.931072
0	9.940376	4.727552	0.841344	1.362176	6.931072
0	10.040784	4.727552	0.841344	1.362176	6.931072
0	10.141192	4.727552	0.841344	1.362176	6.931072
0	10.241599	4.727552	0.841344	1.362176	6.931072
0	10.342007	4.727552	0.841344	1.362176	6.931072
0	10.442415	4.727552	0.841344	1.362176	6.931072
0	10.542823	4.727552	0.841344	1.362176	6.931072
0	10.643231	4.727552	0.841344	1.362176	6.931072
0	10.743639	4.727552	0.841344	1.362176	6.931072
0	10.844046	4.727552	0.841344	1.362176	6.931072
0	10.944454	4.727552	0.841344	1.362176	6.931072
0	11.044862	4.727552	0.841344	1.362176	6.931072
0	11.145270	4.727552	0.841344	1.362176	6.931072
0	11.245678	4.727552	0.841344	1.362176	6.931072
0	11.346086	4.767616	0.841344	1.362176	6.971136
0	11.446493	4.767616	0.841344	1.362176	6.971136
0	11.546901	4.767616	0.841344	1.362176	6.971136
0	11.647309	4.767616	0.841344	1.362176	6.971136
0	11.747717	4.727552	0.841344	1.362176	6.931072
0	11.848125	4.727552	0.841344	1.362176	6.931072
0	11.948533	4.727552	0.841344	1.362176	6.931072
0	12.048940	4.727552	0.841344	1.362176	6.931072
0	12.149348	4.727552	0.841344	1.362176	6.931072
0	12.249756	4.727552	0.841344	1.362176	6.931072
0	12.350164	4.727552	0.841344	1.362176	6.931072
0	12.450572	4.727552	0.841344	1.362176	6.931072
0	12.550980	4.727552	0.841344	1.362176	6.931072
0	12.651387	4.727552	0.841344	1.362176	6.931072
0	12.751795	4.727552	0.841344	1.362176	6.931072
0	12.852203	4.767616	0.841344	1.362176	6.971136
0	12.952611	4.767616	0.841344	1.402240	7.011200
0	13.053019	4.767616	0.841344	1.402240	7.011200
0	13.153427	4.767616	0.841344	1.402240	7.011200
0	13.253834	4.767616	0.841344	1.402240	7.011200
0	13.354242	4.767616	0.841344	1.402240	7.011200
0	13.454650	4.767616	0.841344	1.402240	7.011200
0	13.555058	4.767616	0.841344	1.402240	7.011200
0	13.655466	4.767616	0.841344	1.402240	7.011200
0	13.755874	4.767616	0.841344	1.402240	7.011200
0	13.856281	4.807680	0.841344	1.402240	7.051264
0	13.956689	4.767616	0.841344	1.402240	7.011200
0	14.057097	4.767616	0.841344	1.402240	7.011200
0	14.157505	4.767616	0.841344	1.402240	7.011200
0	14.257913	4.767616	0.841344	1.362176	6.971136
0	14.358321	4.767616	0.841344	1.362176	6.971136
0	14.458729	4.727552	0.841344	1.362176	6.931072
0	14.559136	4.727552	0.841344	1.362176	6.931072
0	14.659544	4.727552	0.841344	1.362176	6.931072
0	14.759952	4.727552	0.841344	1.362176	6.931072
0	14.860360	4.727552	0.841344	1.362176	6.931072
0	14.960768	4.687488	0.841344	1.362176	6.891008
0	15.061176	4.727552	0.841344	1.362176	6.931072
0	15.161583	4.727552	0.841344	1.362176	6.931072
0	15.261991	4.727552	0.841344	1.362176	6.931072
0	15.362399	4.727552	0.801280	1.362176	6.891008
0	15.462807	4.687488	0.801280	1.362176	6.850944
0	15.563215	4.687488	0.801280	1.362176	6.850944
0	15.663623	4.687488	0.801280	1.362176	6.850944
0	15.764030	4.687488	0.801280	1.362176	6.850944
0	15.864438	4.687488	0.801280	1.362176	6.850944
0	15.964846	4.687488	0.801280	1.362176	6.850944
0	16.065254	4.687488	0.801280	1.362176	6.850944
0	16.165662	4.687488	0.801280	1.362176	6.850944
0	16.266070	4.687488	0.801280	1.362176	6.850944
0	16.366477	4.687488	0.801280	1.362176	6.850944
0	16.466885	4.687488	0.801280	1.362176	6.850944
0	16.567293	4.687488	0.801280	1.362176	6.850944
0	16.667701	4.687488	0.801280	1.362176	6.850944
0	16.768109	4.687488	0.801280	1.362176	6.850944
0	16.868517	4.687488	0.801280	1.362176	6.850944
0	16.968924	4.687488	0.801280	1.362176	6.850944
0	17.069332	4.687488	0.801280	1.362176	6.850944
0	17.169740	4.687488	0.801280	1.362176	6.850944
0	17.270148	4.687488	0.801280	1.362176	6.850944
0	17.370556	4.687488	0.801280	1.362176	6.850944
0	17.470964	4.687488	0.801280	1.362176	6.850944
0	17.571371	4.687488	0.801280	1.362176	6.850944
0	17.671779	4.687488	0.801280	1.362176	6.850944
0	17.772187	4.687488	0.801280	1.362176	6.850944
0	17.872595	4.687488	0.801280	1.362176	6.850944
0	17.973003	4.687488	0.801280	1.362176	6.850944
0	18.073411	4.687488	0.801280	1.362176	6.850944
0	18.173818	4.687488	0.801280	1.362176	6.850944
0	18.274226	4.687488	0.801280	1.362176	6.850944
0	18.374634	4.687488	0.801280	1.362176	6.850944
0	18.475042	4.687488	0.801280	1.362176	6.850944
0	18.575450	4.687488	0.801280	1.362176	6.850944
0	18.675858	4.687488	0.801280	1.362176	6.850944
0	18.776266	4.687488	0.801280	1.362176	6.850944
0	18.876673	4.727552	0.801280	1.362176	6.891008
0	18.977081	4.727552	0.801280	1.362176	6.891008
0	19.077489	4.727552	0.801280	1.362176	6.891008
0	19.177897	4.727552	0.801280	1.362176	6.891008
0	19.278305	4.727552	0.801280	1.402240	6.931072
0	19.378713	4.727552	0.801280	1.402240	6.931072
0	19.479120	4.727552	0.801280	1.362176	6.891008
0	19.579528	4.727552	0.801280	1.402240	6.931072
0	19.679936	4.727552	0.801280	1.362176	6.891008
0	19.780344	4.727552	0.801280	1.362176	6.891008
0	19.880752	4.727552	0.801280	1.402240	6.931072
0	19.981160	4.727552	0.801280	1.362176	6.891008
0	20.081567	4.727552	0.801280	1.402240	6.931072
0	20.181975	4.727552	0.801280	1.362176	6.891008
0	20.282383	4.727552	0.801280	1.402240	6.931072
0	20.382791	4.727552	0.801280	1.362176	6.891008
0	20.483199	4.687488	0.801280	1.362176	6.850944
0	20.583607	4.687488	0.801280	1.362176	6.850944
0	20.684014	4.687488	0.801280	1.362176	6.850944
0	20.784422	4.687488	0.801280	1.362176	6.850944
0	20.884830	4.687488	0.801280	1.362176	6.850944
0	20.985238	4.687488	0.801280	1.362176	6.850944
0	21.085646	4.687488	0.801280	1.362176	6.850944
0	21.186054	4.687488	0.801280	1.362176	6.850944
0	21.286461	4.687488	0.801280	1.362176	6.850944
0	21.386869	4.687488	0.801280	1.362176	6.850944
0	21.487277	4.687488	0.801280	1.362176	6.850944
0	21.587685	4.687488	0.801280	1.362176	6.850944
0	21.688093	4.687488	0.801280	1.362176	6.850944
0	21.788501	4.687488	0.801280	1.362176	6.850944
0	21.888908	4.687488	0.840000	1.362176	6.889664
0	21.989316	4.727552	0.840000	1.362176	6.929728
0	22.089724	4.687488	0.800000	1.362176	6.849664
0	22.190132	4.687488	0.800000	1.362176	6.849664
0	22.290540	4.687488	0.801280	1.362176	6.850944
0	22.390948	4.687488	0.801280	1.362176	6.850944
0	22.491355	4.687488	0.801280	1.362176	6.850944
0	22.591763	4.727552	0.801280	1.362176	6.891008
0	22.692171	4.727552	0.801280	1.362176	6.891008
0	22.792579	4.687488	0.801280	1.362176	6.850944
0	22.892987	4.687488	0.801280	1.362176	6.850944
0	22.993395	4.687488	0.801280	1.362176	6.850944
0	23.093802	4.687488	0.801280	1.362176	6.850944
0	23.194210	4.687488	0.801280	1.362176	6.850944
0	23.294618	4.687488	0.801280	1.362176	6.850944
0	23.395026	4.687488	0.801280	1.362176	6.850944
0	23.495434	4.687488	0.801280	1.362176	6.850944
0	23.595842	4.687488	0.801280	1.362176	6.850944
0	23.696250	4.687488	0.801280	1.362176	6.850944
0	23.796657	4.687488	0.801280	1.362176	6.850944
0	23.897065	4.687488	0.801280	1.362176	6.850944
0	23.997473	4.687488	0.801280	1.362176	6.850944
0	24.097881	4.687488	0.801280	1.362176	6.850944
0	24.198289	4.687488	0.801280	1.362176	6.850944
0	24.298697	4.687488	0.801280	1.362176	6.850944
0	24.399104	4.687488	0.801280	1.362176	6.850944
0	24.499512	4.687488	0.801280	1.362176	6.850944
0	24.599920	4.687488	0.801280	1.362176	6.850944
0	24.700328	4.687488	0.801280	1.362176	6.850944
0	24.800736	4.687488	0.801280	1.362176	6.850944
0	24.901144	4.687488	0.801280	1.362176	6.850944
0	25.001551	4.687488	0.801280	1.362176	6.850944
0	25.101959	4.687488	0.801280	1.362176	6.850944
0	25.202367	4.687488	0.801280	1.362176	6.850944
0	25.302775	4.687488	0.801280	1.362176	6.850944
0	25.403183	4.687488	0.801280	1.362176	6.850944
0	25.503591	4.687488	0.801280	1.362176	6.850944
0	25.603998	4.727552	0.801280	1.362176	6.891008
0	25.704406	4.727552	0.801280	1.362176	6.891008
0	25.804814	4.727552	0.801280	1.362176	6.891008
0	25.905222	4.727552	0.801280	1.362176	6.891008
0	26.005630	4.727552	0.801280	1.362176	6.891008
0	26.106038	4.727552	0.801280	1.362176	6.891008
0	26.206445	4.727552	0.801280	1.362176	6.891008
0	26.306853	4.767616	0.801280	1.362176	6.931072
0	26.407261	4.767616	0.800000	1.402240	6.969856
0	26.507669	4.767616	0.801280	1.402240	6.971136
0	26.608077	4.727552	0.801280	1.362176	6.891008
0	26.708485	4.727552	0.801280	1.362176	6.891008
0	26.808892	4.727552	0.801280	1.362176	6.891008
0	26.909300	4.727552	0.801280	1.362176	6.891008
0	27.009708	4.687488	0.801280	1.362176	6.850944
0	27.110116	4.687488	0.801280	1.362176	6.850944
0	27.210524	4.687488	0.801280	1.362176	6.850944
0	27.310932	4.687488	0.801280	1.362176	6.850944
0	27.411339	4.687488	0.801280	1.362176	6.850944
0	27.511747	4.687488	0.801280	1.362176	6.850944
0	27.612155	4.687488	0.801280	1.362176	6.850944
0	27.712563	4.687488	0.801280	1.362176	6.850944
0	27.812971	4.687488	0.801280	1.362176	6.850944
0	27.913379	4.687488	0.801280	1.362176	6.850944
0	28.013786	4.687488	0.801280	1.362176	6.850944
0	28.114194	4.687488	0.801280	1.362176	6.850944
0	28.214602	4.687488	0.801280	1.362176	6.850944
0	28.315010	4.687488	0.801280	1.362176	6.850944
0	28.415418	4.687488	0.801280	1.362176	6.850944
0	28.515826	4.687488	0.801280	1.362176	6.850944
0	28.616234	4.687488	0.801280	1.362176	6.850944
0	28.716641	4.687488	0.801280	1.362176	6.850944
0	28.817049	4.687488	0.801280	1.362176	6.850944
0	28.917457	4.687488	0.801280	1.362176	6.850944
0	29.017865	4.687488	0.801280	1.362176	6.850944
0	29.118273	4.687488	0.801280	1.362176	6.850944
0	29.218681	4.687488	0.801280	1.362176	6.850944
0	29.319088	4.687488	0.801280	1.362176	6.850944
0	29.419496	4.687488	0.801280	1.362176	6.850944
0	29.519904	4.687488	0.801280	1.362176	6.850944
0	29.620312	4.687488	0.801280	1.362176	6.850944
0	29.720720	4.687488	0.801280	1.362176	6.850944
0	29.821128	4.687488	0.801280	1.362176	6.850944
0	29.921535	4.687488	0.801280	1.362176	6.850944
0	30.021943	4.687488	0.801280	1.362176	6.850944
0	30.122351	4.727552	0.801280	1.362176	6.891008
0	30.222759	4.687488	0.801280	1.362176	6.850944
0	30.323167	4.687488	0.801280	1.362176	6.850944
0	30.423575	4.687488	0.801280	1.362176	6.850944
0	30.523982	4.687488	0.801280	1.362176	6.850944
0	30.624390	4.687488	0.801280	1.362176	6.850944
0	30.724798	4.687488	0.801280	1.362176	6.850944
0	30.825206	4.687488	0.801280	1.362176	6.850944
0	30.925614	4.687488	0.801280	1.362176	6.850944
0	31.026022	4.687488	0.801280	1.362176	6.850944
0	31.126429	4.687488	0.801280	1.362176	6.850944
0	31.226837	4.687488	0.801280	1.362176	6.850944
0	31.327245	4.687488	0.801280	1.362176	6.850944
0	31.427653	4.687488	0.801280	1.362176	6.850944
0	31.528061	4.687488	0.801280	1.362176	6.850944
0	31.628469	4.687488	0.801280	1.362176	6.850944
0	31.728876	4.727552	0.801280	1.362176	6.891008
0	31.829284	4.727552	0.801280	1.362176	6.891008
0	31.929692	4.727552	0.801280	1.362176	6.891008
0	32.030100	4.727552	0.801280	1.402240	6.931072
0	32.130508	4.727552	0.801280	1.362176	6.891008
0	32.230916	4.727552	0.801280	1.402240	6.931072
0	32.331323	4.727552	0.801280	1.402240	6.931072
0	32.431731	4.727552	0.801280	1.402240	6.931072
0	32.532139	4.727552	0.801280	1.362176	6.891008
0	32.632547	4.727552	0.801280	1.402240	6.931072
0	32.732955	4.727552	0.801280	1.362176	6.891008
0	32.833363	4.727552	0.801280	1.402240	6.931072
0	32.933771	4.727552	0.801280	1.362176	6.891008
0	33.034178	4.727552	0.801280	1.362176	6.891008
0	33.134586	4.687488	0.801280	1.362176	6.850944
0	33.234994	4.687488	0.801280	1.362176	6.850944
0	33.335402	4.687488	0.801280	1.362176	6.850944
0	33.435810	4.687488	0.801280	1.362176	6.850944
0	33.536218	4.687488	0.801280	1.362176	6.850944
0	33.636625	4.687488	0.801280	1.362176	6.850944
0	33.737033	4.687488	0.800000	1.362176	6.849664
0	33.837441	4.727552	0.801280	1.362176	6.891008
0	33.937849	4.727552	0.801280	1.362176	6.891008
0	34.038257	4.687488	0.801280	1.362176	6.850944
0	34.138665	4.687488	0.801280	1.362176	6.850944
0	34.239072	4.687488	0.801280	1.362176	6.850944
0	34.339480	4.687488	0.801280	1.362176	6.850944
0	34.439888	4.687488	0.800000	1.362176	6.849664
0	34.540296	4.727552	0.800000	1.362176	6.889728
0	34.640704	4.687488	0.801280	1.362176	6.850944
0	34.741112	4.687488	0.801280	1.362176	6.850944
0	34.841519	4.687488	0.801280	1.362176	6.850944
0	34.941927	4.687488	0.801280	1.362176	6.850944
0	35.042335	4.687488	0.801280	1.362176	6.850944
0	35.142743	4.687488	0.801280	1.362176	6.850944
0	35.243151	4.687488	0.801280	1.362176	6.850944
0	35.343559	4.687488	0.801280	1.362176	6.850944
0	35.443966	4.687488	0.801280	1.362176	6.850944
0	35.544374	4.687488	0.801280	1.362176	6.850944
0	35.644782	4.687488	0.801280	1.362176	6.850944
0	35.745190	4.687488	0.801280	1.362176	6.850944
0	35.845598	4.687488	0.801280	1.362176	6.850944
0	35.946006	4.687488	0.801280	1.362176	6.850944
0	36.046413	4.687488	0.801280	1.362176	6.850944
0	36.146821	4.687488	0.801280	1.362176	6.850944
0	36.247229	4.687488	0.801280	1.362176	6.850944
0	36.347637	4.687488	0.801280	1.362176	6.850944
0	36.448045	4.687488	0.801280	1.362176	6.850944
0	36.548453	4.687488	0.801280	1.362176	6.850944
0	36.648860	4.687488	0.801280	1.362176	6.850944
0	36.749268	4.687488	0.801280	1.362176	6.850944
0	36.849676	4.687488	0.801280	1.362176	6.850944
0	36.950084	4.687488	0.801280	1.362176	6.850944
0	37.050492	4.687488	0.801280	1.362176	6.850944
0	37.150900	4.687488	0.801280	1.362176	6.850944
0	37.251307	4.687488	0.801280	1.362176	6.850944
0	37.351715	4.687488	0.801280	1.362176	6.850944
0	37.452123	4.687488	0.801280	1.362176	6.850944
